1000 1000 500
-3258.60 -2686.94
1483.17 6048.33
6605.68 2029.07
1309.52 -673.93
3308.77 -6848.36
2738.51 -4127.99
-5271.58 -1653.37
1331.44 9236.84
6374.16 142.13
-4988.77 644.08
6182.73 4758.35
7908.17 -9829.15
2880.83 -2760.42
-8715.50 -7166.72
7600.61 -9281.70
6643.49 405.37
-6136.82 9342.96
5283.71 7988.06
-3641.98 -6178.70
-6828.56 -7055.83
-397.08 7643.61
5553.09 -4851.53
-3080.84 -2795.48
-6519.60 -2035.37
-2679.37 5428.23
-8055.82 133.83
-7539.85 -3649.36
-3421.64 -6423.95
2082.78 -3749.22
-1931.44 9445.92
-3147.47 5701.69
-7809.47 -1556.96
8402.68 -3195.86
-4477.98 2051.03
-8230.24 -4434.86
-2603.15 8646.59
-5172.87 -1648.60
7215.59 3830.06
-6603.31 9534.78
81.21 -5654.17
9644.17 -1582.59
932.79 -9541.59
6124.39 1190.74
1800.01 -3256.05
-3175.81 419.27
929.07 -8205.44
4836.42 4949.60
8405.02 -5142.24
-743.26 -3822.71
5338.40 -6475.93
-8831.42 -1273.91
7928.02 -7158.97
-314.79 -5015.68
-3242.85 7352.12
-7596.75 -7256.57
-7624.98 -5256.46
-2085.34 567.17
-9765.54 -9019.98
8295.30 -8504.64
8712.69 5133.29
9134.19 -1790.15
5991.98 -500.11
2775.63 9940.66
6428.95 100.39
3117.39 5060.39
-1002.41 -325.15
9634.48 9603.90
-3612.35 -675.10
6839.09 7919.28
-8197.21 -4005.17
1327.41 107.86
-6460.02 5813.92
-25.69 4519.48
3434.82 4476.64
-7904.65 -4612.05
-1686.07 -745.91
5868.38 -9029.04
9911.04 -8130.83
5886.54 2693.13
6558.91 -3489.85
2835.61 1212.34
1938.78 -4417.70
4939.07 4807.22
-6562.27 -7.84
3218.43 671.61
6674.93 2714.74
-7100.33 2636.89
-8605.16 -952.05
-4712.19 3050.57
-8331.67 -6495.26
5672.62 -9792.49
-2379.49 -7900.71
9089.50 5533.71
-3751.00 -7832.05
5005.99 -9573.50
6311.94 4164.66
-6905.27 5913.94
-9316.46 -783.47
396.83 5876.54
-7607.97 -6777.19
-9875.71 -8582.55
-2868.50 -7468.43
-4702.19 -5681.90
7338.72 -2216.38
4861.49 8573.71
-6697.61 9005.33
5486.55 -7157.54
7859.30 -5251.45
2704.97 -5432.51
-3791.19 -3021.69
-9966.80 -1400.20
5127.08 3630.78
4366.51 6281.55
4484.55 -5717.72
-1174.72 -8868.38
9475.18 -3318.91
-5237.95 -5858.09
8010.93 1204.63
5910.15 9705.27
-9951.92 864.43
8333.09 -1463.00
291.33 -2028.48
3406.12 4243.69
-7828.85 9107.12
-3960.27 -2505.76
-8535.02 3130.10
-6469.70 -3224.02
3321.73 3940.93
-9353.07 8883.59
9331.42 4098.33
8733.54 -8618.55
-8523.97 -5205.95
5337.28 -5665.60
-8434.05 8242.16
-6280.27 7692.44
-9386.01 1191.08
7405.99 8942.35
3229.38 -8429.87
1966.55 -7514.14
-7200.97 1205.56
-6895.43 6834.09
4143.18 1018.07
-5683.10 -278.28
8502.95 1287.83
3695.79 7986.12
4651.20 -1129.95
175.64 1578.34
5934.39 -2318.12
7767.63 -6911.37
6846.80 720.14
-7171.18 -5596.19
3299.85 -1938.84
-5461.66 9844.51
4177.41 -3649.37
3900.00 -4787.49
1696.90 -8154.57
-5471.11 6791.97
-5590.65 -8920.74
8740.05 4631.89
5871.56 5494.83
-7934.49 4700.47
-26.69 3693.97
-1276.62 -1005.07
-6882.14 3556.54
834.22 4923.19
-3905.44 9382.16
8405.11 7395.70
6873.22 -7438.81
-4634.96 8447.35
-3881.44 -7483.59
5839.61 -4966.16
-9549.10 -1117.99
5894.64 39.01
-9478.63 2733.27
-5072.43 8901.94
387.42 -9704.72
-7393.60 5708.37
-7873.72 6328.22
6494.02 6038.91
-9582.26 -3366.87
1714.82 -3703.79
2750.31 9103.83
-7925.40 2685.10
7845.89 2856.00
-5987.30 172.47
-9107.41 2525.92
9079.25 -8489.94
7088.14 4648.48
-8089.92 -2106.50
4187.06 -9811.89
4831.49 -6508.86
8293.45 -6859.07
-8154.37 -4793.03
611.04 4584.80
-8116.37 -4643.42
9502.03 7077.90
6651.56 9661.39
-7342.78 3206.86
3050.36 4319.25
816.66 -5910.52
-542.09 3081.50
5867.32 -9404.12
3562.86 -8665.39
1096.32 3873.59
7889.16 -9747.90
1978.15 625.51
8252.04 -9449.62
350.40 8612.95
-7755.19 7387.38
-2496.25 -487.03
-5802.59 -7980.19
9286.74 -9797.12
4925.91 4893.24
-677.83 1312.71
-4860.14 -8949.52
-3796.40 -6458.58
-1788.76 -6809.70
-9739.33 -4008.92
7080.79 -3080.42
2102.97 -6781.95
944.12 -2933.32
9519.80 1616.89
-6189.40 -4644.81
-5049.06 -9051.88
-33.54 -3840.66
-4130.06 5154.43
-2004.53 -4038.48
-1641.55 4962.91
-3264.01 3857.71
1895.49 -7461.66
-3358.12 -8763.18
5427.69 6053.88
-4514.24 6782.67
7887.74 4807.01
4303.01 -164.46
-7495.53 -1779.58
-6111.05 -7795.57
-8108.07 8874.26
-7308.96 9991.75
3557.24 7708.56
9419.44 9352.87
-7696.44 -4517.31
-1139.70 -5883.73
2998.04 -8895.79
4690.56 -6744.70
-4223.16 9517.38
-2526.04 -835.38
-4332.63 -9232.12
-5603.45 -2399.32
1117.94 7932.73
-6438.88 4954.59
-5084.99 9253.01
1190.75 -6724.76
1887.36 -6243.39
-3729.69 -3291.20
-2073.44 9876.91
9137.88 -6877.95
-7286.64 -280.54
3297.14 306.79
5820.96 3176.04
-1962.59 -7856.83
-2025.01 -8595.64
-6442.64 3561.10
2523.94 350.84
7933.69 3848.43
-1590.89 -3046.26
-4010.26 3818.31
7981.97 9994.00
-2731.51 -2027.31
-7924.56 4223.49
4615.35 8366.60
2754.43 -5878.68
7042.78 5130.27
-3102.19 -2188.29
-93.82 -4589.56
7923.33 -6015.22
-7327.46 3961.26
-9027.14 -2155.55
-587.90 5602.39
-5493.36 -8267.52
-3249.05 -1970.11
6588.22 386.74
-8947.11 5268.63
725.80 -9545.11
1574.89 8758.30
5240.74 -1129.63
-5333.04 516.36
-6786.15 845.63
-9767.37 3244.93
-2577.64 -7213.80
2793.20 2050.86
8034.42 9417.44
-9426.22 -3768.91
-9365.06 -4453.30
8280.94 -3761.47
-4722.42 -2001.44
6093.53 -4584.87
3061.23 -9128.26
9924.08 4781.76
1460.56 8492.14
-1908.33 -3828.46
-3297.79 -508.45
-4294.33 2269.01
2142.11 3427.07
-3632.13 -8662.18
4768.50 6332.02
4035.90 6524.14
2451.87 -6637.66
247.45 -4174.17
-5357.24 -6546.00
-5389.61 4421.31
-3367.53 -1537.09
-1328.16 -1702.43
-677.49 -351.23
-1601.11 558.58
4388.15 -2780.08
3869.36 5917.30
-3595.49 4957.42
-3839.25 -384.94
709.07 -3944.61
8318.09 -6590.83
9431.24 1839.68
-7231.51 2779.52
7436.31 3966.25
2431.43 1373.68
6939.29 -6251.18
112.56 4355.35
178.91 -4436.81
-2519.25 -6114.42
-4543.36 -7300.44
-2481.96 4036.42
5479.35 -2639.53
3823.72 -6519.72
-1537.62 4530.04
4150.77 -3273.96
-6168.78 1379.61
-1199.76 6312.40
2761.70 1504.65
-5059.94 5745.77
122.06 -136.06
9767.81 2013.80
4421.77 -6529.07
-4045.02 -543.16
1083.84 408.03
-6662.53 -3242.61
1680.72 -5054.49
6482.25 -7103.71
-2369.95 -6913.44
-3106.02 -5498.69
1927.59 -1512.97
-505.52 1121.39
-3048.01 2485.35
-4035.10 -8646.52
-8730.14 -2451.03
8567.30 8107.11
1189.02 -3494.11
2267.89 1655.85
-3665.08 4044.26
3231.40 -474.73
-4155.31 5780.05
-7314.24 4070.45
-8634.07 6944.48
4718.98 7244.10
-6937.30 -8807.42
-5605.64 4807.46
-5015.56 -1932.50
-7205.58 -3529.80
-808.56 4884.96
-6413.06 535.82
-6844.94 -8079.99
4738.34 400.61
2730.15 -3873.72
95.17 -2565.56
3427.62 -6235.00
-1429.66 1287.55
-4187.35 1847.22
-3051.03 1328.03
-6410.47 9583.49
-2547.31 6154.65
6003.98 2201.39
8809.79 412.33
8579.09 1403.93
-3580.27 7594.38
7895.44 -8123.38
-3617.93 4322.58
-9195.48 -6529.65
8483.90 7939.94
-568.59 9926.42
6147.60 4352.73
-43.57 -7597.24
1837.09 -5460.52
5982.45 1872.95
8594.90 -2534.93
4359.47 -7296.90
824.19 -3940.03
1712.44 -3033.73
-941.02 -6145.26
4161.77 5231.01
1439.45 -3042.19
8537.55 1515.07
4706.20 1241.20
-6895.64 -7743.36
-3874.23 1293.20
3667.39 -4060.23
-8073.50 7043.55
-299.43 -9030.07
2553.79 3856.60
-3387.60 5664.76
8502.87 -2738.36
-4887.06 -4791.11
-688.30 6171.84
-8188.58 -2516.22
8553.51 8188.11
-3043.47 -4272.72
8834.04 -4645.33
6230.96 -3149.45
1438.54 7992.82
-1668.24 6732.87
-8727.71 3179.92
9697.38 -891.84
-5918.03 4078.54
6365.09 -5640.45
6705.95 -3261.88
-5504.13 5732.34
-9674.75 991.08
-5077.35 3026.34
1758.12 1884.31
-1075.54 -2637.29
3082.38 -9497.92
-6173.88 3109.82
-5820.62 6472.19
-60.59 -2061.04
8314.03 -8560.74
-1798.52 -9847.84
-7767.85 1818.57
8527.22 3779.69
7415.61 9407.97
-4386.74 -8083.76
5746.14 7654.82
-1862.92 8625.71
7479.22 4816.07
-3513.88 7446.47
7441.90 -2113.52
5753.35 8833.52
-628.56 3772.55
4118.29 6430.04
6477.04 1564.74
8609.20 -4526.95
-2400.68 -5136.45
-10.29 -3038.65
3346.05 -306.75
-2322.89 7199.25
-5515.33 -3882.34
-706.95 -9104.63
3168.95 -6334.42
-582.08 349.71
8749.69 3158.82
-2133.81 4310.50
-2935.76 -1929.65
6884.36 9122.13
-4637.03 -7488.78
-973.59 9512.96
-6860.43 -4810.07
2018.43 -6360.07
8797.11 -15.90
-1961.19 -4642.44
-2518.84 7552.09
-8425.16 7322.26
-2352.00 -5573.21
187.47 6312.91
8564.09 8343.84
188.88 -699.51
6004.22 -3638.46
9534.62 -7505.84
2826.21 -7736.47
169.35 9536.00
7878.38 5724.82
6446.28 -6926.41
172.81 -1025.69
-1296.78 -7708.98
-9348.52 -8466.18
8258.80 -5505.32
-5921.67 -5173.30
-9865.01 -8451.52
3668.83 -4188.76
7499.46 8800.18
-7274.55 2478.01
6887.12 -183.29
-1315.65 -58.47
1379.32 -1197.02
6384.72 -8269.24
-7384.92 4864.43
3930.77 795.47
7097.03 -7243.19
-3915.85 7582.44
5925.85 -2004.77
1068.29 -1079.40
-5789.68 6312.49
2315.20 3499.09
9859.48 7352.58
1754.85 -1373.66
-5772.47 -6145.11
-4291.98 6491.83
5566.56 8998.64
-5559.11 3080.24
-8850.64 -4502.42
6420.96 5707.81
-1696.65 -8264.10
3083.23 327.71
-1071.08 -199.53
2736.98 -2999.05
7205.65 -8112.22
5313.46 940.73
414.33 -6581.49
3932.63 -7169.48
1200.57 -7971.00
-2846.03 -2330.20
5036.13 5306.58
-7143.20 7240.74
-8583.86 3973.24
-6333.20 4246.71
-6399.94 3273.76
4144.81 -2205.43
7036.74 -6264.32
389.57 -2062.29
1431.43 238.00
9766.81 -7645.93
7165.14 -8671.65
9983.88 9503.44
3590.70 -6513.94
-3270.13 3380.12
8788.04 8670.92
1730.80 -8473.98
-4456.76 -8630.17
9876.70 6342.00
8355.35 -3792.96
-5067.11 -308.72
5985.45 6235.07
2704.45 6614.78
-7313.75 -3008.56
-4013.03 6094.77
-5595.45 7567.45
-7815.70 8645.96
7020.89 -5447.52
-2915.20 6266.55
-9937.25 4821.29
-5073.33 8362.00
3047.19 -278.85
4035.19 1601.41
2132.75 -9722.23
169.83 -1168.65
-9918.16 -9219.31
-4979.71 -6184.52
-7490.88 2733.75
8710.49 8652.56
7778.21 6661.86
-9731.50 -6038.89
7531.32 -4775.85
5625.77 3273.60
1381.07 -8774.83
-2701.69 -1892.22
7406.70 3557.78
-5790.06 -8074.14
-9466.43 1513.87
357.33 -3463.74
6807.35 7227.14
-2238.37 -6177.80
3915.62 9853.85
5003.41 -5411.77
208.44 -9543.73
-3126.56 -4104.77
1727.11 6489.22
7144.16 7386.75
1644.82 4273.35
-9344.59 -1928.57
3834.90 1564.66
-2634.61 -8101.70
-3984.59 7103.12
4685.13 1454.21
3720.20 -9100.08
5438.42 -8465.03
2956.97 400.30
6781.43 1195.89
2246.80 -1272.71
2403.84 5246.54
-7033.20 -5200.79
-4931.15 -1758.53
-4260.31 -5436.37
9506.55 4685.98
9057.38 -6329.81
-4543.12 6464.37
-1943.91 -3469.75
-7630.90 1175.80
-9043.51 -8762.04
-4095.99 307.37
3271.71 3391.68
-2037.36 3991.25
7823.45 -164.47
6966.23 -9680.07
-2086.83 -709.74
-4923.12 -3922.99
-8020.53 5098.34
-2868.37 -3383.79
1982.93 1548.53
2261.18 3026.97
-8063.06 7570.25
-8883.46 -4240.34
-4354.51 5417.00
-2765.40 -4591.62
-3025.15 9995.66
-9503.03 7255.24
6529.77 -2183.79
-4945.36 7478.99
6503.08 6412.51
9445.31 -7704.59
-7531.04 -4567.08
1472.41 9721.29
2049.29 716.14
23.90 -4044.20
6238.24 4965.77
1854.74 -6361.79
4527.30 7826.99
-3611.74 59.43
-7800.90 185.29
8516.19 -467.86
-3533.68 831.29
-5879.39 -5017.84
-7021.52 8395.98
5046.24 -1061.64
939.89 2939.66
-9554.41 -48.50
-6506.99 -1742.84
-8513.32 4789.54
753.07 6750.04
-7202.79 7893.07
138.88 -4261.92
-1621.43 6694.04
-8665.24 4040.45
1692.53 2840.35
5893.70 -8816.19
-7312.84 -5759.78
-9681.82 -5596.90
-8299.01 -7037.89
8388.42 4545.28
-819.91 -137.42
-8246.40 3845.90
6722.99 3583.74
6111.42 -7952.15
5944.97 3045.57
-5887.79 -9232.48
9757.97 -4881.99
-1921.69 -5721.97
6660.97 8567.86
5444.91 -7508.76
2095.19 8584.08
7317.15 623.99
7266.38 -7843.35
5060.25 8413.01
9939.13 -3461.82
2586.27 9376.94
1594.91 5617.40
-9930.49 8105.16
-2704.92 5368.90
-9733.23 7825.78
3852.37 9288.72
-6861.60 8158.98
-4053.79 8285.79
-4217.32 -7437.92
-3082.60 -90.82
-9926.10 6608.91
3307.86 -2609.22
6313.89 3464.41
-615.31 7893.41
-8045.39 -4889.27
-9330.19 -9764.15
496.94 -5506.29
-3039.33 1409.47
-9100.42 -7193.48
1749.58 6133.41
8348.81 3801.98
530.34 4538.96
-2936.19 8075.74
6752.93 6550.63
-8469.96 -3178.16
-9785.02 -7699.98
3644.14 5203.23
8981.83 -98.00
3430.44 5124.53
639.26 1488.19
-8458.43 9342.71
2596.13 9682.79
1718.44 -9534.71
6326.21 970.81
7054.88 4650.65
-1432.17 -7167.40
-4196.76 688.97
1971.42 37.47
5496.14 5196.69
8291.36 7495.20
-7542.82 -2970.64
5416.50 -9120.22
3500.20 4456.68
-4000.37 1602.23
8870.02 -4557.68
9003.00 473.29
3319.43 -5829.70
9847.12 -1979.02
-7921.03 -4233.70
-1905.34 -9461.10
-6366.62 -9067.37
-5794.09 -1276.12
-445.72 1023.45
3042.74 5036.56
-1800.70 -5318.73
8548.34 9892.95
8657.36 -7954.83
7025.58 5845.20
-164.71 9711.30
5738.70 5659.10
-2706.65 9339.40
3780.40 1134.73
-3712.37 2159.61
5504.50 -8825.52
4487.36 -865.64
-7508.87 -2436.30
-1903.08 1100.99
-619.05 -4214.76
9097.73 -3973.48
8106.10 5574.98
-1033.09 -1657.80
-3761.16 -2858.46
-9228.92 -9284.96
1821.43 -8975.81
-5033.81 1794.13
2069.03 -5181.36
8406.47 -5837.90
-7485.45 8071.28
-5693.29 -194.10
-7268.58 9108.06
-3064.01 2401.39
-7616.17 8879.59
-155.39 -3728.29
-137.82 2486.30
-4101.55 -2039.46
-1048.35 -9816.71
-1950.79 -644.22
5214.19 1923.14
-3732.03 529.81
8090.92 -8957.82
5400.91 5844.85
-3633.43 -7489.25
1169.90 -3763.27
4411.02 -4428.72
2918.87 -4301.55
-9434.17 -1676.50
-9680.18 -4936.29
1145.43 -1017.87
9611.77 -6682.39
6400.10 6849.26
-8538.97 -8361.71
-4119.82 -4275.17
2862.97 -6222.07
-5589.23 -1382.23
-557.79 8611.97
-7438.15 4701.24
-5530.50 4503.23
-5749.57 4173.27
4322.97 7870.91
4421.13 -3916.90
-3455.96 4523.43
-9463.95 -1748.05
6733.25 -1377.20
-5139.35 -4578.94
-4106.01 -2664.60
5750.82 6109.45
6312.16 -4132.08
6524.79 5008.69
4607.09 -2737.72
-282.04 -7548.02
-2366.93 4362.29
-502.69 -9503.94
-4232.35 -1751.99
7830.67 -5370.01
3172.30 -8870.78
9123.81 -6624.24
-7495.76 5620.59
-2206.30 869.86
9892.98 -3479.79
8240.35 1905.80
226.35 4947.01
813.46 1703.09
-6302.59 5986.16
872.57 6347.03
6792.68 8537.79
-6067.92 5241.79
-8014.09 -4483.93
8982.78 5928.59
-702.50 -3733.22
1882.93 -7297.42
277.08 4509.14
-6569.49 7365.54
9349.65 -4639.36
-3996.18 2758.13
501.51 9569.88
9617.22 -9610.99
5460.28 -3662.90
5757.57 9228.29
-9461.64 6844.35
-429.19 -3130.01
-4547.55 -7695.91
-6013.46 -4615.09
-7036.63 -9396.42
2353.65 4484.24
8073.13 4457.34
-6560.48 6915.05
8926.73 1397.90
3351.34 8240.89
4735.97 9195.96
4340.71 -4068.62
1961.08 -9258.29
-6272.42 -2114.17
-5150.87 7284.17
5718.48 7722.93
4578.58 9640.52
9906.46 -4718.02
-8174.54 -3181.59
-292.99 -1838.08
-2092.77 1541.04
296.59 7496.30
9555.53 -2913.55
-6505.08 8295.42
-5121.89 -3817.68
9577.13 -1181.66
-5563.61 4059.74
2361.38 1944.68
-747.77 -3062.07
89.86 4941.36
3799.50 4702.65
-2752.66 7207.00
748.84 -9108.09
4754.35 -4328.59
21.16 -8010.06
4957.41 6425.66
1770.48 -4744.53
5164.52 -3553.32
-4609.94 769.12
-2212.51 -2567.97
5773.02 4688.68
-1488.12 8466.22
788.07 504.21
9468.36 -2622.77
-312.42 -5891.24
-7821.37 -2157.23
-5582.01 -546.83
349.63 -2740.40
3974.38 -8667.53
-528.29 8138.30
-824.71 -471.51
9907.49 546.83
4649.49 -8867.92
-7077.65 3004.67
7767.90 3704.39
-6996.01 9675.98
5700.83 4933.10
-3075.93 -7383.78
4853.68 7554.14
-9059.14 9044.72
-2775.80 5990.93
-7698.51 -8707.34
2938.14 -2230.21
-4919.50 9660.11
2467.86 7865.62
-9845.51 3844.20
-7775.46 -2.83
795.22 4330.03
-7012.19 8462.11
-1502.49 -285.34
-2748.35 -9796.84
-9360.35 2732.90
1891.14 -1612.29
1756.91 399.34
-54.21 -6848.25
1759.85 2271.05
5695.12 9629.30
1199.71 6131.79
-3148.39 5510.55
-7772.71 -7326.74
-3884.12 -3669.88
9389.71 -4103.91
-5661.93 4344.39
-9414.81 -1305.06
1410.23 -7022.19
6570.27 -6119.69
-1924.42 5779.56
2908.16 -9995.98
-193.18 -7936.63
-6103.63 -3333.99
-9828.57 -7426.86
-3518.41 6082.14
9112.58 6501.32
7215.76 6033.41
-2540.75 -5361.62
4296.86 -4455.38
7943.12 5726.97
-942.56 3397.17
-973.07 4021.04
-6195.36 3210.26
5421.60 304.92
5654.06 8908.75
8848.39 -5960.68
7602.78 -1286.33
-1722.15 -9490.47
-3263.08 -777.86
7486.61 -803.40
-3824.14 -8985.07
-4236.36 2215.95
4166.85 -8375.82
-2683.74 -815.85
3350.38 9674.22
-9916.64 4359.19
2849.73 -3947.82
5758.93 4610.91
-730.15 -8258.32
2799.98 3250.55
-2154.30 -341.98
-161.93 3134.29
727.11 735.57
-9149.99 -7425.34
-4860.18 -942.93
-5540.97 -7366.37
6003.10 -2812.98
9842.19 -6158.74
3270.70 -4214.71
5611.15 6042.22
-6689.18 1177.10
5701.77 -6549.96
1002.53 5532.21
-2604.90 7498.40
-8689.52 1891.30
3007.58 5606.21
-1511.09 -5979.74
-1788.67 -7591.60
2818.83 -1303.23
7094.31 -6556.82
-3897.31 -672.41
-4779.42 8993.73
-3433.25 -417.26
5409.58 -7422.48
506.38 4819.94
-8002.08 -7795.87
4718.12 -974.70
4501.93 -4989.44
-9691.60 451.28
-3858.54 797.34
-9571.52 752.04
-6530.44 4983.82
7075.72 -4878.53
6402.82 -1561.33
-3594.07 7445.28
-7030.80 -2221.98
-1071.09 -4066.00
-3113.91 7763.58
4742.86 8064.24
-5297.21 481.50
5780.73 -1945.81
2536.07 1567.59
-3664.87 7324.88
-5290.37 -6887.79
-8124.95 1482.01
7278.90 -7120.78
-4039.27 8436.30
4620.67 -5120.33
-951.48 1492.94
-6895.01 -5131.51
9659.28 9858.57
6486.63 -848.17
-9661.01 -9010.85
-8067.41 -9591.47
-7127.92 -1696.52
-9765.39 3066.19
-4971.54 -768.81
-3014.46 -5094.60
-6543.40 -2045.11
-5877.81 7464.02
2941.98 -3031.85
2311.06 -3072.24
-9640.14 8049.84
-9090.85 -8447.33
-2196.13 -3373.03
-4254.50 7082.70
6170.26 -5813.68
-7294.62 6525.73
-5779.86 6645.22
-4677.81 4345.08
1195.84 -8207.55
768.03 -1387.69
537.79 5373.31
-5614.07 8615.30
-3154.47 -6053.40
-6960.14 -785.73
9563.15 4295.98
9385.28 -5195.31
8370.45 -8849.85
9913.64 -2837.54
7547.43 6889.75
2166.01 660.07
-3331.91 5014.95
4409.90 -5812.71
2893.89 7324.75
2732.31 -615.62
-5170.99 -4098.09
-3141.22 -3146.84
6389.70 9396.75
4181.26 -3867.56
-5888.62 5563.99
-3700.91 -7934.34
-5900.81 -4457.34
-3109.61 8905.65
-4009.51 5100.51
9058.38 -336.69
3579.59 7516.77
-5333.52 -6510.42
7701.26 5116.80
-7133.72 -5788.22
-585.78 7289.02
8575.36 7330.84
8334.87 -4465.51
4072.24 -4679.61
9251.84 963.59
5122.49 -1286.28
-4567.75 4943.37
-3836.52 -5216.11
-5946.80 9206.35
6622.28 457.03
-5491.49 -7537.05
9976.60 6750.09
-1992.84 5532.00
4841.23 5181.06
8671.04 -5670.35
-2764.83 -1780.12
-2743.10 -3974.80
-8325.50 -9252.89
404.07 7973.34
2683.33 73.21
-8602.84 1343.59
8641.49 5578.19
8610.36 -4725.73
-7995.59 6273.04
-5046.66 2652.01
2513.84 8894.50
-4543.21 -467.62
-9412.48 3879.20
5141.70 7114.38
-507.94 6771.78
1006.69 -1465.18
-1294.77 -9831.63
-5955.15 6321.03
5960.35 -9310.31
3870.21 -7365.66
9524.21 4943.78
8901.69 -7385.14
4237.82 -4371.56
-646.65 2437.24
-896.87 -2716.17
-2163.80 791.34
7717.53 3292.98
1656.78 9092.87
7893.92 1986.08
4470.14 7912.00
-9115.41 7477.74
-3514.36 9541.75
-5947.48 3496.66
-2198.00 -5989.41
-3351.68 -2694.65
-2035.63 728.68
-9540.28 4178.65
-6246.49 -2682.90
9710.34 -6658.68
5099.85 -2185.06
-7359.69 1121.77
2258.27 8702.59
-1358.45 2071.97
8581.37 2296.02
72.52 -1920.86
5354.53 -3853.53
-1632.69 -6716.19
6726.47 5073.28
-1302.57 -3074.68
-1546.33 9020.04
5835.97 -9402.09
4913.40 -1754.16
7470.19 -1355.73
2614.43 -8738.53
1200.98 1309.46
4866.65 1485.14
525.17 6987.01
7695.33 2462.93
-7484.26 4698.43
4566.44 -6362.67
-4301.97 -4966.95
1692.05 6403.54
4380.25 -1820.66
-8300.95 8141.56
-8827.83 8315.93
4883.79 -5375.85
-5056.97 230.37
9055.82 -8349.92
-6136.69 -2599.94
-3013.13 2946.66
4440.38 2310.57
5213.29 -7267.93
131.38 1102.62
952.47 6176.55
8508.47 2878.74
758.26 -5782.36
1149.84 -2038.01
423.29 6326.10
-9904.74 -5426.56
-6401.53 -4598.93
-9987.73 -9784.31
8214.74 -1849.20
9951.48 6156.36
7993.60 -3709.84
-3897.67 -2704.94
-8600.70 -5399.61
3096.46 8825.12
1068.52 -6020.40
5354.93 -3804.38
-8218.38 -6897.52
909.25 -4753.24
8664.61 4288.51
-8913.88 402.27
-5174.65 -1252.70
1882.00 5740.76
8709.56 2516.47
-7784.89 -3969.62
-3626.32 9081.57
3211.79 -9308.04
-254.17 -7853.92
6787.43 -9204.87
-8942.68 806.29
-8350.03 5697.01
-842.50 8969.26
-3439.35 2210.33
-9841.56 -6439.62
-2288.98 -1042.35
8215.65 3450.99
-7364.90 8984.77
-6787.19 -46.40
-6076.23 -9543.60
6982.42 -8870.62
-970.91 -9730.78
2124.58 9423.02
-267.54 3850.65
9636.43 7699.05
-6960.23 9007.22
3752.68 756.60
9094.31 4087.10
-6423.92 -5410.73
-7394.86 1611.26
7603.39 -250.37
-7225.16 7728.46
3722.81 4306.14
5750.05 4543.62
4870.70 7217.10
-5311.43 -1316.90
-5962.90 9434.55
-9489.38 4848.94
-7525.44 -1869.38
5341.00 6757.34
7747.93 -1830.13
4557.31 7139.31
9556.55 6850.08
-3563.59 6239.71
-244.58 -535.34
3671.35 6295.19
-7702.00 3950.62
213.80 -9784.34
5393.50 -2222.78
5675.70 -8024.32
7185.42 -4865.47
-887.96 7923.77
-8510.30 -1621.51
-417.42 -8454.37
2894.14 -9756.60
9725.16 9206.41
-7069.93 6291.97
-3229.18 283.57
-126.58 9772.81
3223.10 1970.12
8573.93 -4631.24
6914.01 8397.96
-7368.53 -7191.37
193.40 7967.71
-6451.22 4298.74
5747.26 -651.70
4719.76 -3462.03
-8929.79 -2389.95
820.22 3736.33
-7545.07 7783.62
4698.84 -3064.88
354.92 5381.62
5170.37 1504.99
-7964.52 8253.98
8118.32 8578.80
-9198.38 -5760.71
885.52 2014.15
1709.38 -3041.58
217.87 3663.50
-248.08 -9723.03
4904.15 1859.63
-3195.11 177.14
7006.22 -6056.79
4502.93 9047.99
-2180.14 862.80
2388.61 -9381.79
7219.59 5737.93
-2978.49 8974.97
-6609.35 -7376.72
1255.59 8608.86
-7127.54 -7559.66
-929.46 1122.47
3570.43 -9179.17
-7832.08 6432.46
2252.14 3850.22
3912.36 9258.91
-1823.19 -3479.79
317.87 3587.99
-9012.51 -9536.80
4799.23 2617.09
9850.02 -6640.43
-1398.76 8599.40
9548.99 -9181.66
4759.90 -537.96
9966.71 1583.15
5598.82 -6729.82
-5624.90 327.35
-9647.61 -9518.02
8664.15 8920.50
-576.97 6713.96
7893.29 250.25
-7747.98 -8761.17
2365.84 3259.39
1570.72 3069.67
-3803.59 9804.81
-179.28 7486.54
3688.97 -5854.59
-4394.94 9598.44
-2168.30 3612.02
-2146.10 1521.04
1142.80 -7866.34
1631.63 487.98
-5439.11 3715.34
-2633.40 -4094.33
1345.52 -842.27
3621.23 6569.33
3389.44 -1284.86
-3690.84 -597.53
8370.57 1142.99
2724.02 4903.14
-5225.56 -6627.64
3620.83 3085.43
2812.90 1199.48
5980.86 -7758.44
7846.31 3517.27
-860.41 -8639.61
995.51 7014.52
-6403.04 -3544.87
2952.88 1466.04
-5823.48 -336.88
-2733.95 4757.13
-5898.22 8385.92
510.43 -9659.95
-5837.61 -1238.97
2224.97 -4865.01
-5883.86 3223.03
-5099.17 6257.37
-8159.16 8169.01
-4001.83 -9907.60
4529.02 -8919.37
-6538.13 -3947.32
8330.27 2587.48
-9344.72 -6633.21
-283.31 -5713.34
6809.67 302.17
-9852.32 -4293.85
-1355.80 -7329.55
-1695.63 8030.56
2548.03 5896.43
8733.58 -5364.74
423.16 -6355.80
-8565.68 -4346.82
-4727.24 4789.39
-6749.59 1747.83
9647.37 1982.66
3753.15 1711.05
7202.40 5007.47
-8958.18 7109.08
5207.60 -473.53
366.88 3341.33
-4184.43 -7726.39
-1035.03 9135.96
8214.93 2446.46
-2459.65 1726.27
9535.35 -9016.46
2403.59 5323.35
8806.68 2594.91
7657.39 8486.66
-9355.57 -4235.54
-7055.47 -2623.49
5290.81 3518.66
280.97 4272.65
457.57 -2262.53
-4091.64 -5590.36
2416.75 -8235.53
1660.47 9709.04
7040.21 -1861.30
3158.60 -1465.35
-2547.88 -6281.94
8168.68 -3973.02
7442.95 3330.31
4060.46 -3974.11
-3914.14 -3403.41
7787.47 -3584.91
-5899.41 -2067.79
-4509.44 219.01
-7683.41 -7266.71
-8053.68 5739.57
3566.74 1427.07
8797.56 -8578.82
-3425.47 -3149.68
-5919.88 -7431.53
5994.62 -9321.00
-4662.16 -8006.82
-3397.39 560.04
-3205.95 1074.81
3361.50 -7939.40
4041.72 -9613.53
-8868.08 -3789.89
3414.96 7105.09
-2908.28 9166.35
9558.95 9942.17
-4106.74 -9303.32
-4026.11 -9363.14
-9044.98 1790.88
9045.48 6985.36
9947.06 -1827.06
-2609.00 6850.62
-8232.26 398.34
9102.71 -4575.33
-6882.61 1760.66
-6763.40 -9974.50
4900.66 2194.67
843.61 -2853.29
-1247.86 -8744.78
9336.85 -7616.75
8929.50 3770.21
-9460.40 8206.87
-1174.79 -8070.72
4548.17 -6017.48
-467.17 -1409.09
4560.58 4974.74
-7051.15 -663.25
761.32 63.75
6036.68 415.49
5794.13 -3214.78
-5557.98 8781.88
-995.78 5634.27
7101.16 -1101.90
-4795.86 2477.08
8780.42 7199.50
-8865.59 8152.77
3583.71 1962.77
9438.13 -912.32
-3835.19 3216.21
3528.33 9845.17
2970.32 -4508.66
1656.99 -4666.18
-3031.49 3152.26
1547.00 763.90
1595.37 -9797.60
-7222.98 -8090.43
7433.97 3069.82
-4394.61 -4654.36
8378.10 4879.69
4259.07 7004.15
-4611.62 -7118.37
8102.32 -1163.63
2256.35 -3755.73
-9696.91 7726.48
8897.35 -3719.87
7610.96 -3905.49
-4292.71 5047.02
8752.56 6526.00
9646.82 7545.50
6991.44 -4098.81
1982.37 -6423.20
-6979.12 4135.26
3223.02 4178.60
-6135.09 2636.82
5737.16 152.65
-2007.31 4686.25
-4805.18 3627.62
-2555.47 -2406.84
-6258.33 -6609.97
-8697.54 -2680.65
-1434.70 -8466.31
-7831.91 4077.93
-5910.71 3129.16
6145.38 -2616.76
1063.17 -3608.62
9072.27 6562.95
3160.23 -5342.54
257.81 -8189.79
-8369.86 4960.38
-8481.69 -2726.95
8536.95 -8827.84
-3227.12 3414.22
-3822.89 -432.30
-286.25 -3664.66
-8965.68 5193.00
-8314.92 7401.42
4488.55 -2062.31
6620.30 3325.19
2191.76 -4277.98
-7048.28 -4719.88
-4333.27 464.32
-8003.85 6767.40
-5029.21 -3927.32
9191.78 4254.86
-1745.16 4531.28
756.85 -878.42
3558.54 8452.16
-2091.08 4261.50
-1967.13 883.57
7120.16 -2858.23
-7260.11 -7505.94
9340.61 -4484.61
-2929.60 3764.06
9442.53 -554.85
1562.52 7987.86
-2378.70 2717.28
3014.71 3935.21
-2518.34 6992.86
-9992.36 5230.94
-380.98 -824.19
-8506.23 -3805.36
8961.21 -1838.15
-2897.55 3948.61
7161.55 5936.04
5241.40 1412.57
-376.40 6880.53
-5334.24 -6401.32
-1693.27 -3571.40
9016.98 3387.96
-9692.18 7886.96
-7029.10 2219.40
1660.53 -8776.66
6607.32 -473.73
482.86 -5112.73
-8120.96 1786.40
9945.95 -287.13
-743.69 -6193.69
1351.89 3492.01
6746.10 1237.49
2255.64 5969.80
-8902.84 -885.51
893.40 -8555.73
1523.21 4342.87
-3697.19 2690.79
9189.34 3233.25
7782.43 7905.20
656.61 -9924.02
-5619.87 8394.75
912.11 676.57
2610.42 -1582.32
6160.17 5448.12
-1613.03 -9686.93
-11.79 -3381.78
6342.38 3563.29
4052.65 -4043.94
-9500.50 -9053.07
-3971.37 -7709.15
8227.74 3942.65
8537.94 7142.94
-2319.77 436.38
1264.93 -5688.89
4923.59 -5765.35
-1169.33 3496.86
4438.34 -3442.67
3024.41 -2249.48
-71.12 -3510.90
2620.44 9893.48
-9931.34 -3840.32
9350.17 1201.96
-8181.33 -2176.30
8909.79 -6836.86
-3604.15 8854.56
9743.84 -1283.51
3044.63 -8280.80
-4462.91 176.75
-7947.78 -9239.83
8991.42 6880.87
-5647.28 -1232.12
-5405.44 -2795.56
-9870.34 6044.76
-7294.18 -6778.35
2831.14 2655.29
-9048.60 2205.42
5312.59 -2450.85
4898.00 8868.16
3992.59 1406.47
-1894.64 8656.04
-452.84 8129.08
-2858.51 -179.82
1531.71 9193.36
4462.50 -7655.93
-6409.65 6231.45
-3295.33 -711.54
-8473.40 -2801.32
-6479.90 8978.58
1489.78 4221.52
-7247.33 8857.25
1677.27 -9193.56
-6145.69 -2348.35
2547.14 3025.11
-7427.49 -8759.92
-4085.06 -9264.17
2696.07 -9823.26
-211.22 1605.92
3151.16 637.54
2169.59 -4838.42
4664.45 2148.73
-4973.00 5203.03
1067.75 192.10
-8740.03 -381.76
-2136.85 -4599.43
-4891.08 2398.54
8230.38 -1416.06
-1002.29 -4002.76
7413.04 6742.10
2813.35 -8861.57
5195.28 -9178.99
-11.27 -9125.06
4535.59 -2404.59
3468.67 -8319.97
-711.04 -4386.84
2239.43 -9950.10
-4876.85 7604.20
1637.14 -180.62
-6270.30 7397.23
-2084.70 2300.34
8387.55 -5080.30
707.06 -1406.40
450.84 4422.51
-9903.50 -1039.30
-2371.64 -2000.33
8128.90 -6958.43
-6645.38 -7980.37
-4782.47 3230.69
-8987.29 -3453.41
-4309.42 -4315.35
3707.70 -873.80
4892.42 -9153.93
2399.21 4099.15
7290.16 -266.38
5585.50 9760.63
3898.11 4389.33
8565.60 862.27
-1061.61 -8759.47
-961.54 -5562.18
-4394.05 6962.12
-1368.31 -961.26
2176.55 7708.60
-7190.46 -3642.62
-1486.68 9980.41
7417.29 -7837.15
5557.22 -1733.65
829.63 6405.55
-2375.43 9004.89
8413.89 2640.21
470.49 4256.33
4839.30 5058.29
5740.98 -9681.49
3389.86 -2989.70
-6040.02 -5921.63
-8993.24 -3769.02
2472.60 2766.22
9286.34 7910.64
6009.96 -7145.64
-2632.25 9845.63
-6043.78 -4621.44
9155.31 9649.59
-9952.33 870.34
1724.85 2035.01
6522.04 -191.88
-5771.19 -7582.82
-5940.46 -712.23
8161.73 -2392.97
4617.32 8974.99
4987.05 -5749.15
2480.05 -2128.83
-2436.69 9621.66
-1980.34 1049.51
-9400.78 7358.21
-3799.61 8794.34
262.45 1772.94
-4820.28 -845.51
-772.20 9617.36
-9369.59 -8080.09
1017.08 -6542.32
8504.99 -9309.89
-9442.78 -4968.16
-853.57 -4597.92
-2767.64 4948.58
6671.97 8453.45
3309.05 1550.05
4387.69 4949.53
8155.95 5066.85
-922.83 -8678.21
9481.57 4271.16
626.48 -1567.80
-3903.44 -7932.12
6335.33 4801.20
5821.91 -9952.68
-2593.94 -4165.19
455.16 1699.71
-3699.39 7811.68
-9698.45 -4792.89
3647.32 6547.76
6478.62 -5694.56
9866.76 -8139.34
8017.04 6453.29
-1147.44 -8272.88
5512.38 2476.20
5247.19 9199.65
-3919.82 3438.27
-1595.92 7414.92
4566.31 -5175.73
-2760.44 624.45
-8021.44 6343.48
2425.44 -8916.55
-6178.17 -421.62
7208.80 -6023.15
-3588.40 -495.71
3805.50 6475.83
-2966.27 -2307.95
-4313.32 -7332.66
9165.39 172.24
-3069.67 -2533.75
-4084.31 -2841.66
9066.51 6023.98
-9463.42 -9688.10
-4657.63 3362.31
-441.81 -107.68
4568.91 3449.99
-7595.66 -4215.97
9105.68 1108.58
6894.10 -1589.31
-3809.63 6347.90
6116.14 8406.93
-9705.68 -7835.22
8673.14 4869.44
8348.97 -9583.91
-7967.14 -4226.04
2950.83 7092.97
-4956.93 -2814.81
-8309.80 -1125.88
-7976.68 405.37
4810.95 -7683.01
127.28 -2558.86
-7967.26 -7473.38
2527.30 1718.73
7338.64 9296.84
-8597.73 816.26
-6590.01 -5858.93
-947.51 7745.28
8443.21 -4915.33
7913.21 7633.18
-1910.18 6307.08
9578.28 2588.27
-438.73 -8019.33
7613.19 -2223.19
9489.50 -5730.97
-2318.12 -4759.63
4158.92 -4794.19
3916.68 9225.64
7201.46 5235.26
4953.66 3620.59
-4899.13 5441.10
-5858.19 5073.08
6862.65 -7726.10
3340.98 -7271.85
1681.56 9657.26
-399.38 -2658.79
2554.04 -7337.46
-1447.50 -8226.19
6502.69 3962.58
-9156.73 2439.29
1230.38 2663.02
775.77 -5318.83
-2287.99 9183.83
7668.67 6624.08
-4684.15 -5400.14
5132.89 -126.52
9137.53 6553.89
3622.60 8120.39
-3990.60 4583.46
5777.69 -2359.96
7254.79 4531.74
-6192.93 -4122.39
-1783.25 -3153.96
2178.96 -5114.62
4746.41 -7854.47
9447.08 7932.15
4876.90 -4047.89
294.48 5314.05
6482.27 280.38
5851.78 -1723.13
3820.57 -4072.94
-4365.69 5029.79
9743.50 6473.92
-78.65 3876.83
1721.76 -9412.18
8308.87 -5507.89
-3859.65 22.65
-9653.08 -8931.64
-599.50 7052.23
5955.81 1572.86
-1489.56 -9608.25
4677.16 -4802.18
-5885.41 5782.77
5929.90 9386.40
5992.62 -9057.81
-9923.75 -2413.26
6070.63 -134.17
-8689.13 2353.38
-7883.73 -723.66
-1601.32 3834.67
5300.33 -2281.30
1962.48 -3722.62
-9840.89 8221.47
3784.26 -3510.38
-8984.08 -4397.99
491.32 6596.33
3838.87 -2478.79
-8894.92 -7025.04
9118.00 8412.06
-9888.23 6445.31
1148.92 4988.60
9391.36 -2918.03
4287.27 8110.21
-3365.25 1923.65
-7737.82 -1145.64
-8288.47 8441.79
2008.88 2147.54
8417.27 -9310.27
-5477.98 9455.96
-1659.30 1291.22
-9434.67 -3892.67
-1139.23 -7925.60
-6612.46 -2545.59
191.44 -5773.03
-2972.89 -8857.29
6064.10 4106.80
-2135.57 5799.96
-4013.77 -1533.90
-9762.78 581.10
410.44 -1596.28
-1009.68 -9502.45
5307.27 9941.38
-8846.49 -1263.60
-3275.51 6277.32
-3379.39 -4141.65
870.18 8746.87
-2003.13 5221.35
-4046.47 9438.85
8834.07 -3702.31
-6846.52 3466.30
-3323.53 -1743.05
-310.06 3261.11
-8782.45 729.70
3511.86 -9418.34
-8248.02 313.02
-2330.44 9317.99
1858.27 -426.80
54.58 -6543.86
-3317.46 -536.48
3415.36 1198.63
-884.93 5429.88
3737.14 7066.37
1594.96 8805.44
1288.63 -3642.09
-8036.09 2952.02
107.81 -4036.78
-253.65 4096.28
-5597.18 -6234.51
275.17 5055.97
9489.27 -2098.47
-658.38 -7877.33
-8153.60 -5199.93
6199.85 4577.08
-3854.56 9001.27
-9008.55 -9502.18
5666.30 -7149.94
3436.02 -8859.65
-8198.49 6942.20
9081.14 -509.36
-561.87 4010.76
1655.00 8014.08
-6139.84 4686.02
-4477.32 -6155.14
7487.95 1900.41
386.60 -2183.02
-2022.83 -9567.44
4020.74 9866.83
2497.10 2174.75
2081.50 -2941.81
6004.77 -5642.12
1453.98 -317.06
-4885.50 -5005.39
-9238.92 -9385.14
-6965.34 8498.82
891.55 -2321.59
2663.88 -7065.81
2574.12 -7554.48
-2342.87 -2789.18
-1027.59 6615.71
7539.83 -3472.73
-6734.82 -9075.41
-4765.82 2788.48
-7122.41 -7590.24
9775.80 -7765.91
-3341.50 -5686.60
-5171.28 -9569.78
-5134.36 -5920.97
-9025.27 9760.22
-1823.93 7606.46
-3199.06 -4722.23
-5992.56 8560.85
-9217.43 -5239.67
-5794.88 -2866.53
-8298.09 -310.12
-8697.70 9544.52
-6990.58 -3820.90
1296.97 4294.27
-2662.20 -9881.13
-9938.93 7941.59
7392.95 -8027.75
-716.49 1136.35
-5705.01 -6898.45
-2936.52 -2480.52
8893.60 256.10
7621.05 5032.60
4584.37 898.59
8917.98 -7450.19
2426.87 -2884.83
-2014.09 395.71
698.43 472.87
-3535.01 4098.54
-3447.00 7100.34
1534.87 -2413.93
5447.46 3797.68
2647.88 4266.93
7225.08 -3829.49
-2250.40 -1250.35
-3291.41 6939.27
-5619.30 -7800.76
-219.05 -3369.17
9915.91 7422.46
-1543.54 2383.06
5336.69 -5922.30
197.50 9445.24
8806.66 5665.54
-1987.38 2847.51
-1316.51 6550.11
-7348.89 7600.88
4076.47 1200.47
-6227.58 -9643.29
-1620.71 2662.11
-8620.55 -3952.25
-4444.61 1106.45
-6925.54 -5863.10
6.29 -7840.12
-6143.93 -7250.14
8568.17 -2581.09
-8613.88 9627.31
4447.30 -1871.72
-1061.52 -6046.06
9482.36 3227.95
9901.84 -372.14
728.89 7334.53
2238.81 -7526.54
-8402.96 -5090.99
-1882.33 8131.96
1672.89 406.30
-3478.58 -2257.09
-4591.96 -6930.02
-7067.13 4550.77
-1201.11 -5178.07
9137.28 9784.53
2381.73 6684.04
4234.53 4495.62
177.02 -5340.45
6232.37 4307.74
-5677.28 2335.03
-6624.44 -142.95
4765.90 -2074.86
-9232.67 -2552.09
-1392.33 1530.25
6227.55 -9604.32
8562.76 4404.54
863.35 -7393.16
-2922.73 5726.06
-3158.88 -5191.05
907.41 -3281.61
-7377.17 -6731.03
-9431.21 9099.91
241.95 4871.32
-5046.42 -3951.48
9158.47 -3547.43
1264.04 -9168.20
-9579.67 -6548.95
-7335.21 -2333.07
-7719.72 3668.60
-7574.77 1031.76
-6245.04 4756.29
-3744.82 7294.61
-3957.23 7165.33
-4358.68 -3187.84
-2177.50 8105.97
3769.75 2606.10
4071.63 9415.01
1202.12 7043.62
-8569.33 9279.75
-4392.88 -591.45
-2034.27 -9592.64
-9745.77 5250.55
-303.23 9223.88
-9369.44 1021.17
-38.37 5275.83
167.97 -7590.36
9168.93 -3810.27
9132.71 5559.79
-467.63 -1467.70
-3852.45 3036.88
-2234.96 -1886.76
-2088.34 1401.73
3705.29 -1398.63
8052.16 -1974.96
5815.68 -930.57
-8145.17 9220.49
2923.07 -3801.35
-5442.27 4367.33
5776.52 9512.26
8988.45 4017.22
-6479.27 6223.20
5562.44 -6406.94
1343.25 -1727.75
9931.54 -5226.83
5325.99 -2560.63
-9297.67 5677.87
1465.71 5663.32
-1075.67 5475.68
-9708.14 -7994.49
-9782.79 5119.73
8586.41 -7403.63
4868.13 734.45
3402.11 -27.43
364.81 -5029.87
9721.03 -4126.11
-2171.56 -5836.44
-9668.15 -6040.91
614.15 143.88
-8773.56 -7003.27
3675.83 1944.04
3095.63 -7240.71
4748.31 -3484.34
9401.45 8392.29
-3980.82 7376.19
2621.55 -8158.08
6047.61 4281.78
9476.41 4779.52
4306.71 969.04
-3364.00 6604.55
9976.75 -8857.61
4755.86 -690.24
-3060.42 2535.29
6447.87 207.53
5397.38 -9856.30
3196.88 -1295.46
-5080.49 -7104.27
-2900.93 9900.65
-4019.75 -9681.91
-5373.37 -8759.86
9617.78 101.07
2925.35 7311.68
-5724.96 -6169.10
-9423.24 -53.73
-4111.94 7826.06
