1000 1000 850
6781.95 -1784.24
8986.52 1253.96
9508.65 1753.97
2680.12 -9238.23
-3267.53 -5981.59
-2386.73 -41.25
-3137.31 3173.50
7102.21 -3206.07
-1821.69 3068.09
-8928.91 8195.07
7811.06 4495.50
1932.58 -7293.36
9147.71 8067.22
-6850.77 -4856.31
-1520.47 5529.50
-4229.83 3698.74
9946.08 -5162.26
4447.64 6001.22
473.26 9316.04
8240.01 1117.96
5069.50 -5222.63
-3977.17 -4283.79
2687.52 1766.80
-6673.19 -8603.28
-1037.55 -7962.56
-1894.29 -8486.05
8884.07 8087.40
-5192.73 -6587.08
-5400.36 -9963.05
-1988.16 1293.66
-6838.66 -8331.14
7502.79 8901.55
-1265.34 -3730.86
3666.07 -4952.63
6302.30 -1581.79
-8815.91 -8842.64
4391.89 -5758.55
8481.62 -3579.63
-9446.61 -6199.96
-9136.78 2485.37
2008.62 3873.10
-7828.85 -5896.12
9785.91 3068.18
1901.93 -6399.46
-4669.56 5598.78
-3520.99 -4339.58
-1283.93 -1548.06
5479.43 8198.07
6405.84 2409.23
-250.41 2741.36
1724.14 563.74
9018.46 3000.12
-5465.60 6620.38
2754.01 7146.13
4495.76 2398.61
-3578.71 -8459.25
-4843.64 6549.46
-3176.55 -2068.42
-8900.01 5382.68
-263.64 7830.20
-6218.59 6391.67
-5064.33 6549.41
-4016.24 -2296.63
9983.37 -6767.77
5583.96 -5190.51
-1815.99 -9487.80
1256.63 -4214.83
9776.82 -2924.74
5727.27 4048.19
7035.52 6494.76
-5523.87 7904.37
6135.06 9969.92
2507.90 1896.79
7316.44 -1616.67
2184.67 6779.93
-3278.05 3943.09
-6857.32 -2450.15
2541.75 -2181.59
-7632.29 3249.18
-4189.63 4092.28
-6120.11 -3011.97
-4739.24 -5338.69
-8098.16 7208.02
7313.23 -7694.06
-2905.65 8202.98
-4516.64 7492.76
3533.04 5222.65
-4790.94 5363.29
-2801.24 -5747.06
6831.03 7111.98
-1363.52 2007.34
-6606.27 -6721.95
-2615.81 -7123.65
-6114.15 3602.14
1105.52 7262.93
-6595.00 -6525.09
-1342.45 -8374.10
1307.43 -8649.73
-1342.86 -5886.05
-410.20 -8874.85
-356.67 4984.90
-7164.39 -9823.15
-8046.94 8195.30
8611.00 -8751.76
9975.65 -8733.57
-309.35 8278.09
7323.79 4073.27
4582.90 -7061.18
4321.86 2230.74
-3732.59 2688.31
9733.19 7968.40
7310.70 8962.23
-4473.04 2098.69
9059.85 1469.74
-3957.04 -9969.33
6757.08 -6248.14
8889.50 4040.24
3646.84 4982.78
8038.97 1761.28
-8641.20 8639.37
-9501.08 1828.16
9849.04 7824.94
6567.73 -9061.41
-3724.52 -885.59
8777.10 9280.19
9530.80 -708.80
-4183.36 -8406.94
6229.47 328.59
6751.11 -4542.75
-8257.70 7494.51
6693.26 918.29
-3126.48 -997.42
8076.61 -1147.11
-308.16 1214.77
988.43 -9442.20
3605.21 -4433.98
-5668.77 6101.53
1374.75 -1448.89
-7700.14 4613.07
-6168.62 -3556.66
-5592.02 7134.91
-5899.08 -3390.69
8954.55 -5658.14
4820.10 -5048.16
2729.34 -6911.97
8033.70 -2982.09
-7309.42 -6908.56
-7454.80 8961.17
5370.12 -5942.55
-8158.45 5541.20
-2519.68 -7464.59
6279.55 -6722.18
5918.59 -9446.28
-2122.60 2264.87
6867.63 2783.74
3425.83 3707.51
1457.34 -4876.27
4430.28 -6607.14
1148.29 -5447.73
-2756.99 2151.75
5349.00 2931.43
-9281.52 -9168.86
102.58 8527.57
-1451.41 6346.70
-7859.23 637.30
5518.74 -1903.82
-2552.56 1634.36
-6664.75 -2727.02
-4954.80 -6010.91
-9828.15 2123.88
-6968.16 3697.16
-6101.86 -6811.54
2716.00 5219.19
4211.92 -631.13
-3820.54 2244.53
7640.36 7631.35
-255.63 -1901.54
3915.00 1155.08
992.39 -2338.67
5971.71 -7598.54
-164.32 -6823.31
2567.13 6459.23
6659.68 7584.70
6290.47 8865.65
-4078.35 2537.94
-5406.97 6669.70
9159.51 5986.16
7222.73 -2028.21
-6278.29 -207.29
-2216.41 8457.92
3097.71 -839.17
807.08 -616.84
-6748.92 -5472.74
1738.82 -9080.85
2738.00 1960.29
-2327.62 1504.01
-2392.68 1149.17
-6837.09 5096.58
5293.60 -6226.39
-4401.52 -3249.20
-8158.37 -5027.79
236.57 2176.67
-2645.80 260.63
7787.69 9925.89
-1827.80 -7963.71
8596.71 7674.73
2489.30 -7653.30
7355.49 -5642.82
9990.35 -4080.15
706.27 4877.51
-9595.92 5941.97
-2552.48 -3365.36
8472.25 1643.26
-9.37 5018.90
8384.73 6479.35
833.77 -4584.60
5338.40 5877.08
-3058.19 -5888.67
5696.40 5991.35
2843.59 9919.23
6968.78 8065.19
-74.39 -5093.15
7117.52 104.61
-1814.33 7294.77
767.40 -1475.17
9807.20 7644.11
-9344.32 5600.23
-126.12 -9350.04
-7037.16 8892.47
-606.89 -4439.96
5241.53 -2748.94
-5305.56 -4138.62
-4610.28 -522.55
-2711.03 4137.09
6768.13 -8238.39
2566.01 9046.12
6792.55 -5049.55
5374.84 -5928.68
-5354.29 9445.18
-4742.35 -4105.28
7460.01 2317.19
55.69 -3772.96
1211.21 -9831.95
-1486.71 -6590.05
-9313.97 7381.73
6924.70 -3045.04
-1497.50 -6049.26
4736.89 3672.45
28.38 -864.04
484.49 3553.31
551.34 4996.75
63.24 1125.54
2900.11 4503.15
5059.15 7171.72
8665.63 2607.16
-7578.69 -9913.82
5816.04 7329.77
8340.56 -1858.76
-4417.39 7191.20
-5186.62 -1558.62
3527.41 -8227.67
-8526.64 1888.41
-5584.51 760.30
1161.99 8286.44
7205.93 -2023.42
-2079.74 2004.78
8918.97 2366.70
-8140.89 -2195.51
-5974.48 7102.86
7959.42 -2262.17
5527.27 3272.64
-9720.69 3587.04
-7031.05 7011.15
6736.65 2408.50
6789.15 -2931.27
495.60 69.19
9330.11 -8078.44
-530.22 -2065.48
1788.11 7928.40
-261.54 1246.11
6426.44 -9311.17
-6680.04 -968.48
-3786.18 -503.43
-6146.11 -5145.66
2366.50 5083.65
-4483.21 8824.36
1065.40 4034.05
7688.01 -9983.10
-1953.68 -8560.85
1100.58 -9679.32
6027.11 6542.73
-2645.85 4622.51
-7765.22 -6888.86
6188.80 -2639.49
968.16 -5550.79
5417.52 5027.71
4450.94 1041.63
-4176.14 -6702.66
686.88 7536.36
-1276.10 -857.26
-5200.85 7028.32
1731.24 4628.28
2904.20 -3010.84
-2737.34 -3538.54
-5377.19 3889.56
5527.29 -9030.39
2026.29 2176.11
-5031.08 -7800.35
8919.68 826.74
9094.52 -6389.49
-9024.63 3255.09
8750.07 -8406.10
9089.81 1694.48
-4452.54 -1002.41
-8499.91 -4931.93
-4358.30 3007.09
4772.25 -7472.58
2214.28 -3520.64
171.37 -4051.31
-8165.61 2870.20
3149.79 -6539.11
5997.25 9093.86
926.35 114.96
-7381.69 -9678.27
-9349.75 8101.01
9702.67 9857.58
236.59 6835.20
-2922.19 -2595.37
202.03 -4565.97
-9825.43 5772.98
6521.27 -6679.66
-8838.57 -8656.20
-6182.90 -4459.05
-2836.45 -1267.02
-2880.65 -5917.92
1627.13 1974.02
8237.26 -2001.74
9519.91 -7120.70
8158.61 -7560.80
-5245.55 5652.90
3070.00 973.85
9550.68 -763.55
-9876.32 2809.81
-2880.75 -5404.38
5284.29 -6895.85
3585.04 6057.70
-7066.57 1885.19
-1194.60 2158.44
1862.67 -9752.11
-1780.64 1967.10
-4228.12 -9420.22
7948.41 -5284.35
9559.15 -9889.35
-9728.70 -4416.04
-1596.39 -3083.10
-2906.77 1443.75
-1308.78 -916.11
4031.00 -4181.89
4265.88 3419.42
-1089.14 4306.74
-7481.62 -5062.28
-3190.62 3369.54
2724.08 2313.81
4893.89 -3273.29
-719.98 -6727.96
7906.48 3455.24
-8882.46 4451.02
369.92 -6029.07
-1765.34 1780.50
-4931.18 -6400.45
1149.10 8338.73
761.79 2095.05
-2576.42 2839.54
-9482.99 6490.31
-3594.35 -8997.50
-3691.17 6550.26
2191.00 2044.22
-6187.98 2943.29
6392.27 3263.28
1335.84 -7242.01
-8098.60 4179.74
3610.11 9332.34
6063.27 -6513.94
6636.93 -3601.59
466.93 -3362.28
512.32 -617.73
-2611.51 -6694.58
9364.85 3213.39
7060.85 2602.34
5791.39 -6311.77
-4385.23 -8416.74
6854.96 134.27
-4028.88 -601.98
5582.30 -5965.89
-1399.00 7085.76
4051.75 3817.71
-4695.38 -9379.34
4652.33 -6633.40
-1766.34 5683.68
-2974.30 881.27
3491.09 1498.79
3527.63 -4655.69
-9772.89 3122.65
8861.34 4077.47
-8832.70 -4358.87
6148.99 -3979.10
8284.72 -9032.73
-6115.64 -956.26
6059.84 -6125.47
-5017.44 -5045.62
-1630.43 -2764.86
-6504.03 137.89
431.40 3977.96
-2163.63 -7827.69
2655.00 -8913.59
-4782.56 -1006.44
1552.75 7827.60
-5972.87 9835.38
-2546.69 -2468.12
1289.57 -384.24
-1060.44 -8660.81
-3897.09 -5744.08
-1471.61 -1450.07
2596.09 1464.88
7122.48 2043.95
-6199.36 4661.72
3892.71 8678.13
3921.27 -3520.76
-1118.21 8624.62
-7361.08 7188.64
-6835.52 9221.85
-7672.42 -8922.47
6424.77 7533.67
2486.71 7607.95
-9031.34 -6907.22
7131.13 -784.47
8119.88 -3469.37
5751.17 2540.35
5038.20 -3589.88
-7713.68 -2650.06
8273.71 7263.77
4040.99 783.25
5136.88 -3035.34
-9349.38 -4879.12
-3957.12 8892.82
-1015.92 1186.25
8968.60 2161.05
9139.93 -9852.98
-9027.57 7451.82
3908.38 -6985.11
8379.68 -3215.18
3157.48 -1292.64
-3549.97 8982.94
-7214.18 2792.84
2433.47 -2573.80
7085.44 -267.56
-9213.51 333.74
-6113.00 -9110.55
1236.60 -2601.06
5003.67 2290.12
-6911.31 -3488.91
-658.28 9691.22
9072.10 -1712.15
8957.73 -309.49
-7378.58 -4033.49
-3938.35 -6217.52
3016.68 7706.90
3811.28 4251.12
4406.96 -3841.15
100.16 160.06
-3864.15 9226.99
-8319.17 3766.48
6850.13 -4784.82
5313.81 -7464.92
-9621.38 4353.58
-494.74 -181.25
-315.21 9670.99
9996.14 -81.95
5065.30 -8573.11
4310.05 -5008.42
3205.90 -8765.94
-3775.85 -3131.42
-949.24 9709.04
-8467.13 746.75
-500.59 -1758.44
3204.86 1276.04
7897.77 -3818.48
2511.12 -6024.60
-6317.87 8741.70
-7367.41 6647.97
6449.33 -1808.12
-2271.83 -137.21
3286.70 4239.18
2571.29 5157.13
7750.48 -31.27
2981.50 4810.24
3616.23 7699.12
-7608.92 4616.44
-7180.57 8531.83
1795.61 223.76
6406.29 -1613.42
-4066.14 1253.45
-143.83 -5813.98
1974.37 479.51
183.14 -4632.61
7596.63 -2989.49
-9983.68 4706.61
5864.36 4583.65
-4056.28 -8171.77
6549.21 3106.57
-2118.51 -742.82
-7437.85 8656.19
-8680.08 -3253.62
6686.49 3983.49
-6262.87 3867.78
-2285.70 3409.70
-7576.11 -8990.78
-8754.02 -7417.08
4978.51 6010.98
-5425.29 9154.94
-8874.48 7537.15
7435.85 -3753.87
-4077.55 -399.15
-66.81 -4801.84
7901.55 -4091.16
-6651.04 -8598.34
9392.95 6761.03
3722.80 -6077.22
6569.69 7466.13
7389.05 6962.80
3120.85 -6578.46
-2154.63 5564.46
-3675.40 -5232.89
-2190.92 9014.48
-5043.31 -9915.12
4129.92 3950.69
7287.85 -3888.48
-2304.93 5784.95
-9467.47 -1607.88
466.51 -8720.06
-5114.40 9431.75
-521.48 9144.59
-5281.51 -5743.77
-3166.54 5448.60
8509.25 -8835.86
-7679.51 -1628.50
-1280.99 -5038.75
-7818.35 -6048.98
-4901.56 2948.40
-1859.05 -2211.83
-9359.76 6321.84
9431.93 -9091.29
-2486.25 -2432.23
-8563.09 2690.95
3248.99 -8505.36
8425.43 -51.40
-648.19 7549.41
6341.59 -5478.41
-2503.67 9008.64
-9132.96 4615.93
-6263.32 455.94
-1029.70 780.54
5254.71 1593.93
-8428.30 -8958.09
-9930.38 9513.89
-9086.73 4867.92
2479.79 2381.41
-4590.39 -4903.40
-5337.84 -2103.05
-1256.10 -3219.63
-2167.28 8305.23
-4307.28 7227.00
6596.63 8830.16
9878.99 6503.22
-2393.62 -8785.52
5634.28 7074.49
-484.86 -3720.99
4474.91 9533.47
-4451.04 1543.06
554.43 -7756.24
2117.10 8776.65
-4463.54 969.93
7661.99 9898.19
-7576.23 -3831.17
-6010.42 8769.81
9296.38 5673.57
-9889.93 6023.47
7080.58 2007.05
2782.49 4014.67
4115.47 127.32
-6337.92 194.07
9628.70 -3461.75
-2194.01 2279.21
4853.17 -4592.78
8522.24 -4279.84
-6697.06 5977.49
-6482.73 -1244.31
2941.91 9751.00
-4136.57 -5431.58
-9629.99 -7639.47
-8887.06 -8221.63
-3956.70 -9619.15
6539.93 9659.20
-9338.99 8839.90
-8606.83 -1237.05
-7551.92 1001.28
6184.23 -9713.84
2086.80 -4921.47
-9074.76 9064.61
2246.57 2691.44
5390.28 -8942.03
1567.49 5538.60
2784.20 5623.70
2206.35 5562.12
-2280.29 2639.98
-4115.34 8967.90
91.58 6908.41
796.16 5347.59
-7407.15 -7988.75
1300.21 7650.10
-857.05 6736.50
-1198.98 5946.42
-359.82 9909.10
-3562.09 8265.67
2094.29 1838.22
6622.88 -5540.54
2353.72 8207.76
6262.11 -3567.37
-3594.69 -7187.54
-4042.36 6471.49
-4292.55 2438.74
-7100.09 -4089.38
-656.02 -2256.91
7060.74 7366.22
7247.47 -8326.00
-1004.30 -4750.90
9987.85 -3908.25
-6288.57 -7638.86
-1144.59 7930.15
5210.35 -8750.77
5109.59 4700.55
-8052.35 -2140.32
6394.81 7688.77
644.43 1769.42
-7270.03 -1331.24
-2688.24 -6767.48
-4802.51 -9716.80
7755.04 -5534.30
1387.23 7787.26
-7855.98 -9402.01
2449.08 -1880.34
5173.74 5551.14
-6098.45 -7972.82
592.83 -8913.15
9447.75 -307.09
-5958.18 2846.99
8847.98 -4402.40
6714.87 5229.28
-6353.56 3742.45
-3344.63 2727.58
-233.15 4337.36
-5732.87 -7281.99
-3223.86 725.69
8753.25 7780.47
-9979.65 -7193.37
-6733.77 1285.73
5756.04 -5578.33
5746.48 8451.71
-1927.68 3158.75
7329.82 -2459.39
-6453.81 7064.34
8355.76 -8459.80
3866.88 8143.63
1926.25 6163.30
9971.90 -9026.23
-1216.02 -6655.30
2768.97 -589.14
8024.38 9813.97
7020.88 -9996.40
-6291.62 5593.50
2872.91 2393.43
-1368.84 -8438.27
924.01 582.94
6591.81 -8086.83
-1040.79 -9017.41
-4060.96 -8396.25
7458.46 6981.09
-5231.00 2829.51
-4874.04 4058.89
1139.54 9699.59
-5799.85 5686.47
3173.23 6621.28
-5145.50 -9579.80
-4492.78 -2706.70
-3355.44 824.49
8155.77 -5605.19
-3424.90 -4061.32
7387.33 152.69
-8389.04 3838.56
6953.23 -7037.62
6937.15 8036.08
3275.61 1600.85
-101.71 -4741.61
-7431.14 5009.79
662.82 2282.67
-8364.42 5339.09
-8863.75 -117.03
5491.00 3747.98
3667.79 -352.05
4714.40 6321.65
-6074.54 1272.50
-8956.26 -3573.55
-570.97 5711.39
6644.58 -6891.63
200.49 2663.01
9598.85 -623.50
-7538.13 3706.99
576.26 6209.26
-4946.72 -6591.40
-8074.57 3026.61
9972.46 -6590.55
-8013.40 2564.74
-5294.55 -8881.80
-5657.57 -2451.56
-5530.20 238.91
-1071.84 -8528.49
5572.99 -9310.52
-8212.88 7991.06
8757.90 4502.08
-4387.79 6922.06
7382.73 5678.83
-19.70 6553.38
7118.87 5258.72
-2997.78 2654.20
-1545.99 -6803.73
-9170.90 -9030.76
-1218.12 -6755.40
5004.07 -2727.72
2752.99 7023.43
7901.53 -6180.37
9432.90 8034.74
-9513.84 -8287.82
9809.79 -5184.79
-1863.77 6284.52
6569.98 -7564.62
-3772.26 -4522.85
-682.90 -46.72
459.65 9568.36
1779.75 -8339.38
-7205.34 -6846.54
-2696.76 -1258.80
4550.43 -6330.59
-2988.73 158.13
-1338.96 -4609.07
-8421.39 -5899.31
4303.18 3093.60
-8912.01 -6325.80
-3628.01 8173.12
-9538.46 -1786.86
-9759.83 -1398.84
5260.95 7790.54
-3258.40 -6557.80
9076.90 -7309.25
-9503.43 7319.48
5667.06 673.27
-725.71 4912.25
6312.82 7519.04
400.87 -3923.23
6004.46 -2077.15
-970.44 8601.63
-6810.60 -8075.97
3574.07 -6788.97
122.81 -6141.09
214.12 9999.60
1733.94 4092.89
1153.21 5274.62
-8100.73 8650.17
6788.82 -5200.43
8006.48 9289.88
-3066.43 -5205.64
7931.09 5657.67
2752.49 3624.16
6990.09 9441.52
-4127.79 5862.01
-2730.61 -8728.75
-8281.14 -6862.57
3705.26 4432.86
4731.96 -6341.59
5192.27 7957.73
6301.74 -3255.15
8319.81 9269.35
-8645.77 -7298.76
2690.06 -3540.57
5094.80 967.89
-1857.38 1197.70
1677.16 -8004.13
-481.15 -486.05
-530.31 -7880.39
196.13 1635.71
-6639.46 -1844.35
-9620.43 -8359.27
-7336.02 -4599.99
6759.84 -1356.47
-8802.29 -8517.78
-3473.68 3265.65
-49.43 -3106.74
253.67 2581.21
-9740.63 -645.19
7816.52 -3576.98
6791.57 -9639.08
5473.02 4126.03
-1232.48 637.42
5487.43 3321.31
8386.76 -2815.63
-1273.99 9272.96
-6577.37 3455.15
-8326.48 154.01
6235.84 1920.47
5407.08 -1438.17
-363.33 -2045.48
6755.53 -5147.62
8902.68 -9651.98
2516.75 9284.93
939.94 9218.08
-4308.63 4063.99
-655.48 -976.66
301.43 7548.37
8656.97 5986.64
-3594.43 8463.13
-6576.76 3172.31
8141.62 585.59
-3842.79 886.00
2541.90 -6326.32
3615.00 8156.04
-6602.48 7511.63
9253.82 6078.36
1950.58 -2666.19
3468.47 8391.11
3910.80 785.90
-4096.11 -8775.18
9849.76 -6137.84
-7572.63 -1988.82
6139.17 -2822.50
6168.29 7263.17
-9728.86 3235.60
-1620.61 -6606.63
-3423.87 -430.22
8878.30 -8975.10
-1392.05 9333.78
-6146.90 1505.89
-7272.14 -7952.09
6003.17 6562.71
5538.22 -7860.38
4186.74 457.32
7854.87 -4932.17
5974.18 8213.34
2622.89 2762.26
760.14 -7746.60
-7466.67 6101.70
3910.32 3000.05
-2510.45 -6706.16
3903.28 6891.68
-1235.55 2394.11
1388.88 -502.98
-2117.18 9772.65
6698.44 -4532.31
-6722.19 -3431.68
3242.35 4897.61
4664.66 -7799.83
-9820.05 -4914.41
-4970.05 -5630.14
1211.46 5291.96
-7015.37 6079.14
-9939.04 8617.77
8154.66 -6190.58
-6974.65 2689.89
-9959.38 185.16
8806.65 -4050.27
-838.69 9601.45
7849.69 6918.47
-9065.41 8565.02
-6727.83 9265.50
-4524.42 9671.80
1350.74 -7138.44
91.92 -4116.52
1681.74 7774.91
-9909.55 -8138.72
-3727.52 4792.05
-4174.75 -2400.17
8362.81 -6266.82
-1368.52 -7709.95
-1676.88 6404.58
7593.63 3879.85
846.26 8137.36
-3619.77 -9680.51
-8578.71 -7544.69
-8103.95 -120.22
3013.91 5815.36
-3384.12 2992.89
-329.79 -130.77
-4389.22 5901.58
-7817.06 -6151.87
-2080.61 8933.49
115.77 -1814.50
9755.52 -6060.33
-3302.33 -8137.40
-3437.50 3773.17
37.87 7120.20
-1735.67 -689.07
1380.36 -9105.94
-7676.81 -7118.50
5536.62 -7108.33
-2167.71 -8360.17
-7653.87 184.16
-2898.25 -1204.02
8110.11 4123.81
9299.46 8454.34
-7850.83 -6417.47
477.69 -6060.78
-2205.72 -6366.90
3479.36 -1796.77
8037.61 -5081.89
-8075.78 217.62
-7318.16 9343.92
-6560.70 523.90
7739.60 4744.14
-1674.56 -825.31
-7045.52 2332.42
-752.94 5025.82
6586.83 -5743.09
3577.70 2320.85
-5575.13 -9880.53
-1584.04 -592.37
5716.22 -5867.91
9642.87 3450.22
-130.98 -6193.42
8764.74 9758.07
-2265.53 -8936.05
5842.87 -6144.03
-2240.84 5553.01
-955.06 7681.74
3732.58 4087.83
6835.98 1776.35
2447.35 9217.51
-7804.31 -4370.70
609.60 198.42
853.53 -7329.21
5056.00 -4874.32
6245.66 -7737.90
-8392.56 -5132.05
5201.62 8805.89
6937.86 2379.76
965.23 3998.23
-8601.84 -3406.39
18.35 -4381.19
-7037.66 -7996.88
5555.32 2998.53
-5504.06 -6549.84
5376.01 4451.77
-3781.82 1671.44
-7325.92 -9567.27
-6474.63 85.43
-3299.69 6287.89
8394.41 6035.61
5168.85 -6979.86
-8212.40 7474.97
-1128.42 -3609.67
-7098.11 359.89
-8588.05 4833.52
5330.26 3355.72
-2368.33 -7291.50
-9707.99 4856.36
-8005.58 2909.59
9484.03 2088.17
-6773.94 -8949.57
2191.45 160.70
7714.98 -2722.29
3827.79 1631.26
4428.16 9933.46
7931.70 -6977.34
-3591.19 7209.63
9863.80 7565.07
-1212.58 2681.77
2219.14 -4633.55
-8972.94 8186.45
2093.13 323.96
-206.54 -1214.69
-2933.83 4392.29
-5202.08 4868.80
4857.61 6245.39
-454.95 520.78
1203.04 889.06
-8872.21 4006.16
-4148.84 8868.71
8045.54 5783.09
-4721.06 69.95
-4661.75 2312.34
5502.27 1445.95
-9116.40 -8595.48
-5301.28 7715.25
-9380.80 7539.48
-2383.63 3263.79
5431.31 7390.55
-813.13 9572.71
8522.36 -9895.72
6157.19 5646.97
9782.95 16.14
1177.48 -5966.35
-3293.29 -7367.74
282.43 2481.00
8833.58 5525.43
-8562.87 -2580.85
6173.76 8278.76
-2756.41 -7350.60
4896.46 -5714.66
6109.52 -1491.98
328.88 -9194.75
9237.33 2067.54
3794.75 -9428.17
4271.58 8129.05
3293.81 3696.84
5213.42 4762.68
60.46 -8649.80
-40.66 -3301.78
3116.61 -1233.23
3892.01 -6060.91
-886.78 984.22
807.65 -2937.83
6749.05 2756.04
-9823.66 8388.60
-5922.75 646.54
2895.96 -4675.74
-1844.02 6122.44
-7146.32 -9655.16
-1489.33 -7099.98
7482.35 3281.04
-5147.39 -2066.38
-8479.86 -1343.15
5912.99 -7443.01
8197.74 7655.37
-2035.26 7849.20
-5956.38 2926.64
9157.21 5603.38
7491.65 -2750.69
-6020.98 -9837.17
-8915.43 -3033.85
-2137.50 801.85
1524.95 8862.06
-450.29 6641.45
1822.12 -431.44
9117.37 5695.13
-281.82 -8452.55
1062.97 -4394.77
6233.61 8595.33
8040.71 -9911.99
2732.47 6059.67
46.75 -9401.22
6452.33 -6403.03
-8829.21 -4024.14
8714.30 2270.17
5033.94 8427.28
-1290.12 -6273.30
-7712.35 -4585.36
-9047.41 -5312.23
7490.97 3660.38
-4625.70 4969.83
-7702.08 -9964.80
-1677.96 7325.93
-9542.51 -4547.75
-6672.31 6871.94
-1887.97 5987.66
-2503.29 4353.96
-2626.57 500.24
-2441.46 -7716.99
-1665.99 4163.15
-9206.30 8239.76
7616.03 -1802.51
-7449.26 2826.54
9378.39 -9921.19
-8981.62 -9697.23
-6510.70 3713.77
-9716.01 -8376.85
2456.09 1889.89
-8017.50 -993.23
-5448.59 1629.74
-8562.28 7947.04
4520.50 6831.79
4548.09 5525.71
8282.17 6244.67
-4532.88 -676.67
2659.65 1276.73
-5074.55 -5721.15
270.67 3402.48
-3752.87 -5894.41
-9327.08 2674.92
-9159.96 6016.38
-4738.31 -6509.92
2934.00 -3229.45
-2174.22 -2146.36
4306.17 3590.27
8840.47 -5120.24
4015.53 -2590.91
-7742.44 -5892.35
-9718.47 -8031.75
-7982.87 -4717.14
8722.07 -7339.34
6159.54 9149.58
-8355.24 1090.57
5234.40 -9814.07
3521.96 8666.26
3839.25 9406.28
-47.15 2906.99
-5397.33 8950.17
-6865.83 9278.98
-1374.55 -5162.37
5203.32 -199.24
8033.96 5944.87
5841.80 5786.39
1651.57 -6521.03
9299.55 -5958.18
7573.71 149.65
8803.25 -1165.03
1847.86 -3522.23
-9542.24 -6936.16
2573.07 -734.54
5304.75 1054.37
4886.24 -4295.18
9974.62 4060.00
5908.74 4537.74
-2356.22 6946.41
817.65 -2369.45
9769.51 -3389.44
9367.88 97.56
581.31 -3611.85
2780.45 -93.61
8168.84 1379.94
6802.38 6403.27
-5254.65 -907.68
-8572.54 -4172.99
9413.41 878.60
6153.38 -3382.74
-530.92 -8854.71
5413.52 6838.64
5669.28 5777.58
-7243.04 7812.97
2485.06 -974.41
-7151.49 9022.96
-3232.18 -2266.19
3243.78 6748.94
9010.30 2260.47
3647.63 -920.55
6579.52 5894.49
-6740.08 -9457.65
-1683.44 -1806.15
704.13 -2932.31
-9070.19 -1578.01
-414.03 2783.30
3650.43 430.37
-806.25 6545.30
4642.72 6987.23
19.97 -6503.38
-8080.74 -6258.61
-6271.52 -3724.66
-5019.63 -1728.50
3113.12 780.02
-6563.19 8236.65
-4169.34 -8197.11
1279.65 9883.19
3663.42 -455.11
-548.24 5608.90
1663.65 4694.77
-5906.39 662.37
6915.45 4969.28
9050.46 6461.24
6729.07 -3227.99
-9314.02 4858.43
-8733.23 -2300.75
-7083.94 -5150.62
8109.98 4523.16
86.62 -4645.50
2246.28 -7917.29
2576.15 591.85
3734.62 -7894.95
2337.96 1149.88
7557.54 -4598.92
9239.86 8116.69
3499.69 6033.16
8410.37 -6025.57
-2147.04 -9115.63
5303.68 4096.55
6101.44 803.09
2884.51 2529.09
8828.10 9329.59
-8126.84 -4925.63
9016.40 -159.51
6834.54 -4588.86
6643.66 -9352.80
5270.60 -3684.67
3372.51 -4908.62
-5521.67 -8142.56
1951.67 8447.87
796.38 -9469.97
-6685.72 -1150.78
-6996.23 5657.46
-4035.21 -5385.77
4386.37 -107.19
-6549.96 7441.31
-4549.37 -953.10
-4210.73 -1199.02
2898.11 7348.41
1741.71 4011.64
-6087.07 -7154.76
-7263.99 -3283.83
8776.06 1327.12
-4343.23 994.65
-3587.23 -244.22
6093.53 -1500.89
6605.73 -5576.35
-147.71 3147.81
2487.98 9108.78
9193.91 266.56
2783.65 -1312.99
-9011.14 9419.95
5837.96 378.89
-8989.61 1163.60
-1166.25 6027.11
2819.76 -902.30
-9377.35 5962.17
8316.67 1306.75
3490.03 427.75
950.98 2561.19
-3673.29 -860.91
-3689.84 -1694.95
-3649.18 7587.76
8940.43 7443.12
6702.52 -1480.61
3219.46 -6962.16
8250.85 -6570.14
8867.51 2042.55
5500.42 6681.01
-7546.94 6640.53
-8879.87 7323.05
7571.93 -6582.13
-2386.49 -4384.78
726.50 2613.24
1555.59 2433.17
-7117.09 4684.06
-146.37 -925.96
8221.66 7892.19
6494.92 -9414.87
-1179.98 7544.75
-6948.56 8674.43
-3853.35 7033.89
-7606.39 -6935.08
-5397.16 9714.19
9367.11 -6818.30
-9199.38 -413.72
-4674.64 3403.71
3980.10 -2472.46
1594.35 536.47
-5785.35 -1790.30
3649.33 -6783.55
4377.58 -3244.51
-2964.69 7380.18
7143.90 4769.08
2628.60 7225.72
-8960.79 -4993.84
2925.37 5135.64
6127.69 -7359.22
2479.59 5561.49
-4727.55 -196.18
-9559.74 4687.71
6645.26 7223.57
-5565.91 -6575.57
-4416.61 8273.32
-6393.63 6426.05
-8231.18 -7049.60
-6266.58 -6270.40
6338.46 -2031.86
-6561.28 6677.30
7631.78 -8355.01
-7400.72 -2533.52
-8879.93 7873.16
9748.28 -3936.84
-8883.39 2897.12
-1781.70 -3326.06
-3652.07 -4373.46
5892.90 9671.11
-6584.18 8890.10
-7195.23 -6900.36
-6183.54 3131.52
3733.35 -7688.71
6997.04 -6758.55
8516.68 98.70
-2046.76 6561.87
-6441.19 -309.83
8905.55 3922.01
7647.04 -9288.51
2547.18 265.33
-2538.42 -886.83
-7158.24 -7253.21
5811.04 -654.75
-4636.90 -9664.92
6142.52 7067.34
4220.75 -9462.41
5877.90 2980.75
7795.00 -1916.54
5478.14 2658.28
8050.14 -2023.04
-9638.14 -5139.13
-6015.81 5383.87
-2166.94 8912.89
-9532.28 -554.26
-145.31 -3918.20
-3223.77 3113.16
-4688.59 1274.20
2446.51 4456.27
6943.86 -1325.52
-405.32 6937.37
-9782.75 -8647.16
-7586.88 -2321.67
3209.13 -2071.17
3687.47 7042.31
-4874.59 -2873.30
4783.22 -1501.83
-9313.74 3353.29
-3326.32 1888.31
-11.34 2158.76
1738.57 -6342.42
3707.10 2151.77
9591.12 8741.76
-8223.45 3845.76
7500.56 7369.42
-1350.92 -5219.23
-1664.02 5582.59
3228.94 9683.52
2900.07 -3155.82
-228.27 -9172.72
-8595.57 8103.62
-745.54 -1267.81
9015.30 -2023.02
3154.74 -7052.03
8075.90 -7008.85
211.72 557.89
-3049.90 -4382.96
1679.06 -9466.86
-9229.22 962.34
8840.35 696.47
5421.73 5296.13
-6457.75 -3995.03
3195.94 -6627.74
468.83 3159.17
1939.57 7974.11
6619.36 180.16
4760.36 6141.94
-3259.67 -6755.98
9491.70 -3559.53
-7288.18 2968.97
9311.82 -6099.45
7343.33 5762.51
-1455.11 5979.83
-3042.66 -2713.32
-9819.35 -4515.58
-9120.57 -7097.10
1617.96 -1739.96
-6371.31 -3178.72
-746.21 5346.05
5281.67 6957.22
3131.17 5836.85
-8360.39 -3945.86
-9655.94 -406.77
8612.49 -96.18
2500.34 8282.45
682.48 9787.90
-50.82 -1389.34
8896.99 9011.66
-4861.47 -240.34
3332.58 -3191.54
8137.16 -8971.34
6322.64 5584.41
3158.63 8876.98
-4294.99 -8251.21
6694.18 -9172.07
7507.98 -3341.58
6040.75 -8567.80
5655.69 9571.26
-6088.03 -2789.80
2276.19 -3050.41
4133.83 -5662.21
6841.48 -9778.42
8228.50 -161.93
7513.23 -8693.83
-2620.11 5183.17
6256.26 -1071.64
-7756.89 9872.33
-1385.15 8833.19
6584.79 -8795.23
-8214.73 8956.83
8883.69 6482.12
-4160.52 3271.81
-7383.52 7316.79
-1290.27 5194.42
-6869.70 8784.84
-2113.69 3129.31
2210.32 -5258.87
-7859.30 -7307.80
7325.21 -341.44
-1978.75 -8747.07
-5913.81 8501.67
-153.81 -8540.12
-9793.20 -7484.06
-4670.46 4958.61
7386.98 9959.23
-4082.17 3556.16
870.73 2345.05
-8834.92 -2458.44
6742.60 -7860.64
-1385.05 -1468.50
1548.04 -9598.72
-5923.98 -3611.83
-969.49 9745.38
-2248.40 4418.94
9203.51 -6334.93
7452.85 -2322.69
8266.19 4776.81
-1013.88 4350.42
5040.08 -3973.44
-1935.95 -7487.98
-3825.51 -3683.42
5586.61 -3799.09
3611.51 4479.41
-3077.07 -9888.01
9244.78 9407.69
-2388.33 6874.99
-1922.60 -4930.65
-4567.40 -4462.91
-1348.65 -3653.53
2630.85 3623.17
5184.74 9112.91
-9393.82 -2231.79
3881.71 -8594.87
7129.14 -8394.82
-1955.11 -6194.01
5067.81 4949.52
-4514.70 2172.23
-5980.82 -7702.85
-5136.11 1835.72
-7514.56 2447.80
3577.13 -6598.56
743.97 -1156.69
-2071.57 6144.65
-6060.58 -1825.76
-473.91 137.48
7944.41 -6170.06
115.79 -4313.63
4707.61 7561.67
-8149.24 1393.69
-2673.74 -6562.36
-1295.81 -6578.32
-8649.20 -6667.26
6253.24 9580.35
221.07 3913.13
-1677.47 -4114.61
-5429.98 -4490.71
-2544.42 -7484.49
5632.78 5117.90
-5532.39 6823.19
-8646.57 5414.11
7946.67 4157.41
194.92 6213.91
7877.90 5131.81
7727.77 6019.97
-8613.74 236.77
-4132.84 -9156.51
-3007.42 -1761.26
8395.40 8915.11
-9563.85 -8842.38
4965.44 6482.56
-6372.07 1178.76
-3450.55 -8997.33
-6366.84 1929.66
-5673.95 -7619.15
-4863.62 -8997.02
8251.90 -5619.12
-4761.56 6123.59
-1905.33 -1614.92
1233.54 3997.34
-4134.89 23.87
-4332.34 -2703.93
7943.80 2838.81
8688.09 -3817.98
2501.97 8797.35
-9981.61 -4126.64
-9136.63 3569.59
-992.33 3663.06
2951.27 -5950.11
6209.59 -1613.68
-391.57 -1173.54
6173.47 3840.36
-197.48 8899.53
-4534.65 1470.72
5987.77 6269.76
-7115.28 5216.30
5111.85 -6276.35
2904.68 -7079.20
5163.59 -8439.47
-2571.38 977.65
-1478.98 -8570.70
4800.59 1591.69
-1854.95 -3110.69
6328.04 5660.00
8385.20 6403.66
-4596.24 6064.24
-5565.46 -5569.17
7513.56 -7938.56
-9312.29 7541.65
1732.80 -7399.87
4959.70 5267.50
-3836.58 8225.31
7676.50 -5722.93
3171.64 -9386.68
7855.97 -4027.22
4621.91 1378.89
-8614.66 -2259.47
-5999.57 3098.97
-420.53 -35.90
-4487.98 7177.34
5580.65 415.57
-9170.35 5626.72
8885.28 -4099.51
-7795.25 7612.67
-6133.97 8446.12
3465.83 -2092.96
8006.24 -3333.22
6018.36 4321.87
3427.76 3887.83
-7364.73 -4145.21
-8771.96 4112.70
2304.30 -2980.69
-4892.54 -329.14
1944.21 7785.84
-3955.45 -7583.68
634.72 -7236.23
2435.96 -6565.29
-6401.37 365.81
7508.06 6397.40
7491.35 4452.59
3290.46 -9689.42
3567.39 -9207.22
6368.08 9324.59
1396.00 -9439.00
1284.64 6993.42
355.79 -3367.06
-4862.78 2074.72
4820.06 -8995.96
-7351.23 1441.84
2340.25 -7566.59
-9347.39 9658.02
510.12 -8425.67
-2293.95 3642.54
5411.18 -3948.00
6536.93 -4705.08
-3228.64 -808.70
4066.36 4780.18
7451.99 -4034.52
8008.11 659.33
3627.91 -5578.13
1233.74 623.44
7842.22 133.50
-565.29 2921.77
-5042.74 -4905.94
-967.63 -7675.90
-7949.73 -4445.72
3287.24 -8043.99
-1423.57 4658.57
-674.31 -3624.16
-5405.87 -6454.74
-1081.06 -1549.55
-8157.79 5380.00
8446.69 -9139.64
-5672.73 1864.19
-2196.15 6234.07
9016.85 2652.83
9871.48 7928.95
-3600.07 -6027.06
8279.26 -1548.99
6735.18 7490.73
-613.76 6774.81
-7537.43 9475.67
7913.06 1708.51
-4235.54 4830.93
1233.92 -8075.03
-8096.25 -453.37
5235.10 4877.18
-3806.04 -9975.95
5749.52 1376.18
5366.28 -9883.19
-2224.72 3377.33
9038.34 -3428.83
-5919.97 -4686.95
-4533.43 7081.71
-4362.34 -4258.45
3067.77 8084.47
298.57 8726.50
731.19 8655.15
8565.95 7027.64
-6363.62 2447.17
4012.30 -5005.14
9713.79 6214.92
-9924.64 -4924.16
-5306.17 -9499.82
5459.48 1160.00
870.82 -1523.65
1045.40 8125.09
2035.45 733.73
7353.20 9846.17
8857.54 9589.09
1208.82 4002.83
-405.83 -8215.54
2098.55 3232.89
-7846.13 1573.71
-3390.64 -8764.96
-7062.62 1672.93
9794.23 -1440.99
7887.07 -1242.92
7259.97 -1635.10
-6571.28 -3925.07
383.92 -6400.40
-9910.60 -8466.92
8603.76 9775.46
1806.86 -6190.72
-2225.93 -1401.87
8393.99 -7170.84
3397.41 4417.53
4785.40 6023.35
-8716.99 -6494.80
-8587.01 7877.35
-6370.50 4533.14
-7903.45 -9701.40
-4912.43 -8152.85
-3401.69 -8845.73
-2461.93 -8488.28
-942.69 -9263.88
-3484.18 6366.37
1754.44 -4762.12
-6698.74 5366.52
3135.60 -6913.22
-5471.18 2106.80
6746.68 2689.15
5286.22 -3941.26
-2084.03 -9418.86
7208.32 5573.96
4486.23 1372.78
-2147.41 -8307.99
4378.74 6553.83
4089.04 -9230.00
7949.92 -9157.42
-711.36 655.65
-8315.89 -2572.93
2116.84 -6000.69
1359.24 -4731.11
-5327.47 -8611.78
-1731.33 -9627.27
-199.32 -9395.01
-9284.53 4885.23
-7413.27 -1402.71
5720.29 -2531.86
4191.55 -1591.66
-7177.41 -173.07
-5021.58 -7750.09
-7232.72 2668.74
258.42 -6285.06
3086.41 -2579.77
8639.99 -3821.40
-4497.26 7989.76
-7753.17 -1002.88
-8460.66 -775.37
175.73 -6777.61
5710.79 -3829.82
-3286.15 -6998.65
-9586.15 -4817.75
5067.73 -897.67
-8719.78 -2727.29
3225.62 6725.56
-606.76 1265.55
5533.33 -9116.73
3821.16 -1314.94
-9956.83 7664.05
1622.89 1219.18
2516.64 4024.44
2249.84 -2924.25
5674.79 -7203.20
607.98 6614.09
4129.67 567.45
762.14 -1214.63
1935.21 -7486.33
93.25 -6371.75
-5070.75 -8124.01
-3285.96 7252.21
8064.24 1110.23
8250.47 -9019.83
-7258.83 -8880.29
598.34 4090.52
-4138.54 -5097.28
1092.41 -4562.20
7176.40 8958.23
164.84 8197.93
-6912.83 -1630.63
-5828.33 -3374.93
5129.72 2231.52
3647.17 4269.42
-6954.91 -8890.73
5027.66 5225.40
8208.97 -9348.87
1127.93 -2875.05
4524.24 -8750.03
9614.97 -685.54
-4738.75 -4085.83
6912.22 6099.29
9547.74 -9762.69
-1010.40 6911.36
-7081.36 1051.06
4258.66 762.46
-9604.85 -9289.51
5552.33 -5609.21
4650.78 259.92
2756.19 -1006.77
874.21 1365.27
-1016.27 1945.92
8512.03 6845.81
857.20 -1039.43
7537.78 -8897.81
-3631.23 5279.02
-4900.49 -2412.48
-9373.94 6153.44
-2959.27 7971.39
7819.28 9883.51
-6525.14 621.51
-4157.62 1159.65
-5291.72 6105.31
9361.71 -5600.30
5750.22 8342.22
-5100.63 765.62
-1313.73 3777.62
5674.52 8847.15
-6006.33 -7692.02
-2908.17 -1061.65
5376.34 -8358.75
2290.51 -6483.14
-6676.32 8923.23
5934.72 5050.51
3752.78 6213.30
4395.70 8722.00
-2638.97 -5926.13
499.26 -7415.80
-5419.95 1722.03
-2074.58 -776.11
7860.37 644.32
6797.80 -8340.45
2210.23 576.36
6441.96 -5896.02
-3399.87 -5461.71
-7707.64 4895.84
-3452.83 6093.20
2279.55 -6251.34
-5671.24 4609.80
239.27 4266.36
1745.69 7802.14
8337.45 -6441.30
2507.97 -2624.58
-570.70 -161.10
2630.65 -3699.38
4057.65 8051.43
7826.21 2348.17
-4573.06 -7488.44
-2.72 3348.14
9059.16 -8762.44
3974.00 5195.88
-9767.36 331.86
2691.27 2779.77
-1764.00 -384.92
3215.25 2286.50
-3232.94 -6678.14
-6550.57 8358.37
-936.99 -3774.24
-1581.88 896.00
5958.14 6697.94
2377.09 6380.10
2312.27 -7486.62
-1593.60 -7489.78
3467.88 564.75
-6418.81 -9089.86
-9634.56 -1757.41
5712.78 -809.72
-3634.41 1167.48
3815.08 6693.47
1518.55 6386.91
6400.69 8118.80
3867.25 -3428.32
9828.77 -9141.10
-2015.66 -1957.74
2562.36 5785.34
20.84 4250.03
-1162.36 5772.64
-6250.87 9640.64
1223.02 -2809.88
-456.71 -8090.03
1224.22 -2080.18
-492.66 6239.61
4052.52 2896.36
7070.69 -2653.87
-2203.10 -7219.65
-8688.98 8979.98
-1438.85 4954.85
1756.82 -9805.19
-4818.96 8797.53
-6730.88 -2869.00
348.73 -7128.24
-7655.04 5105.81
6103.28 4852.84
-2113.89 -66.87
-4992.16 6930.75
-1662.77 -5823.64
-2767.57 -1174.66
3569.34 8296.22
1577.15 2737.11
-2235.99 -8748.92
-4834.35 -3455.13
-2309.16 -2670.33
-7501.80 2241.93
4558.75 4862.04
6697.29 5532.57
2254.35 -8342.29
4751.47 1293.02
-285.78 990.97
-8034.45 -8933.69
-8368.92 -7888.99
7465.37 16.31
1631.68 -871.52
2151.80 -6978.54
938.14 -1745.16
-6473.34 -677.26
7803.84 -1212.15
2091.33 2207.96
-189.12 5384.96
8058.77 13.50
-1866.59 9437.60
-6189.30 9037.42
1542.50 539.70
429.26 -1059.30
5795.28 -352.10
3444.40 8594.68
-3613.53 -1255.73
-3692.04 6986.03
3468.41 3151.10
7156.29 1372.70
9129.86 -8143.79
-7641.69 3516.38
2077.28 4755.66
-9072.06 -1982.29
1634.90 7045.23
-260.16 5150.91
-5908.73 -9971.45
-6155.69 -1790.88
8427.33 -9626.35
-4570.82 -9577.82
4504.39 -9100.94
7656.93 2202.87
-6192.13 8503.07
592.66 -3777.11
-3875.98 -3210.46
-5666.50 -8107.84
5093.96 -9876.60
9930.65 1914.14
107.35 -2185.70
-8400.76 5728.95
-879.09 3915.11
-1389.42 -7402.05
-9589.85 -2512.49
2129.15 -2320.05
791.72 5956.09
5926.68 -7412.28
-3756.57 -2465.84
5542.03 -4742.82
-7621.21 -6202.89
2666.02 6613.79
-2944.86 -7653.10
3311.44 5353.53
6201.40 743.83
-5468.36 3767.21
2290.43 2330.81
780.57 -2038.53
-4883.45 -5029.35
-8701.65 7892.70
4740.68 9075.48
7358.49 9601.27
-7108.32 -6631.05
9641.47 8532.46
-6198.30 2609.37
-5287.99 -2742.62
3737.37 -6200.05
-4172.98 403.34
-9972.67 4888.45
-6820.94 -843.38
8750.08 3162.28
8772.53 -4568.03
8126.33 507.99
4.21 9237.73
-7649.82 -1313.21
-8360.84 -37.10
-6054.04 -9415.01
-1817.42 1694.14
4169.15 -8460.35
-7764.10 3897.67
6987.64 5121.71
-9939.94 -302.93
5698.10 4723.70
-7295.39 -5524.83
-7416.46 -9181.75
-9566.79 -6961.78
-3260.78 666.11
733.46 -2230.66
5770.98 8488.74
-7032.36 4796.58
3792.47 8561.58
2863.65 -1731.46
-4857.35 8180.31
-4459.90 -6158.63
2019.89 5889.76
1693.00 -6017.44
-5950.00 1676.51
2585.36 1854.09
-5075.48 9839.72
2571.99 -6546.10
4561.14 -2656.31
8914.25 -8666.55
-8109.41 -206.56
9250.36 -7100.41
-5235.47 8715.70
-4836.56 9103.57
9220.07 -3200.33
-5791.40 1491.20
1776.03 -5232.59
-1234.85 5155.75
-544.24 -2588.35
-6023.66 1616.74
3595.51 414.89
9186.36 -2826.38
-5926.58 -7195.83
-8628.90 6602.59
4285.78 -9101.00
-1193.27 -3221.58
6835.43 3936.60
731.71 -2715.20
-1588.46 4194.52
-3725.18 -6362.10
2162.98 3310.29
6955.37 5270.34
9642.41 -7916.16
2077.82 394.08
-2293.03 -2621.60
3030.70 4044.48
-9568.08 -1125.50
6123.88 -423.43
-6767.90 5249.71
525.08 168.18
-8536.36 -508.49
-8990.43 6358.50
4763.92 -1684.85
-6626.83 -2506.79
1780.35 -2778.86
-4229.77 8899.36
3397.48 2.04
-2046.33 -5260.88
-9963.41 -3561.16
-2649.84 -7220.68
7556.59 -8472.73
-5453.83 -9555.84
-764.43 6573.18
1556.36 -8520.50
9063.62 -835.30
5092.89 -3082.19
-4467.81 -2549.25
-1272.20 -2124.43
4348.16 1076.80
-6217.98 -8841.26
4135.28 1018.08
-7431.97 7080.59
7132.83 4302.45
271.15 992.19
7071.52 -3865.06
-6247.98 -9306.41
-8393.01 4846.91
2815.91 6824.03
6841.83 7021.39
317.29 2365.64
8335.60 -7809.90
-8984.74 2519.86
-7681.32 -1193.80
-1626.02 8387.46
