500 500 450
-2166.01 -6789.94
3157.73 -4352.21
-5190.93 -5890.02
5655.29 -7193.05
4863.81 -1434.37
-7049.27 7186.42
9032.05 1809.38
4169.21 769.55
3525.07 9173.65
1300.94 -8244.29
-9791.91 -9255.36
-8769.14 5635.66
7142.03 2712.17
-9585.26 -5463.35
9378.52 6455.81
-237.26 -9494.88
797.41 1530.81
3119.99 -9654.37
-8291.34 1450.57
8617.97 7008.47
-7297.56 -3794.85
-2726.04 3990.60
-5308.04 8340.87
-7175.11 3283.52
9195.29 3988.04
-1915.85 7102.63
4141.20 4625.37
2694.32 -6197.60
8314.43 -7835.05
-8793.36 5556.95
521.02 5676.65
4145.03 -4392.20
-5565.07 -4768.25
1069.33 3654.65
-4163.54 -5333.05
1183.17 3349.74
7793.60 -7098.73
-5358.30 -3532.49
-7009.73 -9108.85
-6729.98 -9424.34
137.29 2418.32
1084.22 -844.61
-7208.75 -1945.81
2835.90 -3918.72
-4215.45 -5145.11
4983.97 2420.52
-1275.47 -8767.63
5491.19 -1628.99
-4996.27 8820.63
-5861.80 -5445.99
-3212.59 -5703.98
-6543.60 -9999.49
3783.85 -992.05
1970.49 -5890.15
2545.88 5035.02
-5885.02 446.64
6356.85 -9753.93
-5402.79 3124.87
8306.97 1881.13
-9327.87 -2248.51
-4713.04 3330.69
-4271.99 8909.01
656.74 9476.76
5215.42 4346.05
-3775.67 -6022.38
-1288.68 2810.56
3679.70 9757.82
-8898.38 6310.86
-8366.86 -433.95
5397.64 6108.86
406.47 2323.16
-9540.29 4805.36
-585.56 -9405.86
4335.58 3646.94
1998.11 8824.84
-8070.62 9708.99
3752.35 8157.13
-9348.43 -3548.52
-6552.18 4608.45
-8074.29 -4647.56
-2294.06 9709.39
-5737.13 -5857.89
4694.26 -313.46
7468.62 -3896.09
8143.56 7806.70
2933.09 -8103.35
1314.67 8573.43
-5954.74 -6777.23
-744.54 2620.64
5235.97 3569.91
-3927.51 3653.80
1493.17 5544.27
74.45 -8490.53
-2885.43 -1291.80
7613.76 1228.96
-2487.55 -3787.79
6708.95 5407.35
-9369.77 8677.69
-4078.33 -4256.82
-7827.84 -5091.14
-8430.13 -979.44
-6827.40 222.53
-2771.19 639.93
4704.70 -9106.24
-5244.46 -1531.21
-2478.09 -3474.38
5971.21 5986.93
9501.04 1653.11
-3572.22 6838.72
-6010.93 -4193.06
8697.03 7281.18
-7011.83 -3099.79
-2538.43 -3100.47
6232.75 -8415.14
8303.59 6259.60
-8136.38 5734.88
-2822.36 -1366.29
-8901.51 -6325.03
-6368.92 7100.21
4298.34 -8175.66
7596.87 -6851.29
-7906.65 3150.41
-4681.75 -4847.84
-9296.78 6544.01
-393.99 -4867.13
-1355.51 1423.46
-5302.14 2409.72
-6412.81 -4802.10
-9365.55 1702.82
-8471.19 3295.38
2604.11 -8683.30
-302.51 -2528.20
4128.69 -2048.61
9143.42 -1525.78
-5716.00 -6944.46
-5962.58 7442.63
6781.91 -4469.71
7984.68 9241.59
-8241.91 -8365.77
-780.04 3682.11
6810.46 -4633.31
5772.10 -226.20
-7007.28 -9540.97
-9077.65 -3619.40
9672.92 -1208.21
-3273.48 -3500.41
3940.08 -7506.63
4003.55 -7123.38
-6318.32 -4564.60
4039.91 4922.04
-9042.08 -9848.56
-2134.65 9979.57
8374.77 6478.82
-3545.40 4948.60
7385.19 -9003.27
3808.83 7770.70
2711.06 -3787.75
-6493.88 -7612.48
1824.94 167.04
9578.16 -130.64
-8039.59 -5516.45
533.65 9437.11
-6791.59 -9511.92
-5264.36 4616.81
8984.49 9326.10
-7337.33 2262.80
5785.78 5530.76
6962.61 -4230.92
721.58 -361.35
2559.73 -2466.31
-8950.06 -9128.85
4436.19 9164.59
866.00 -8649.98
-3689.37 5198.99
4149.89 1299.92
2063.65 3629.00
-8330.07 -1450.90
5184.19 1893.24
-9275.45 8179.30
9712.04 -8945.17
-5444.33 -4892.02
4691.11 -2621.35
-7640.76 -7143.01
6489.42 -7941.06
4696.17 1559.05
8211.70 5744.25
-932.26 385.44
2073.95 -5593.18
1259.53 -344.75
2848.43 -9650.53
-583.50 -8147.22
3889.21 1649.03
-1830.28 -7498.94
2708.36 -8552.17
-5505.87 5780.67
410.50 8175.42
3022.10 2570.39
2570.82 -4714.04
-7308.63 -4524.96
7003.33 -2689.52
5188.01 1505.87
5580.86 3442.97
-9011.25 2330.58
-9208.15 1650.97
-1783.12 6688.16
-8174.60 5077.90
-5172.74 -8540.91
7130.86 413.18
2369.55 6786.21
-257.09 6140.39
945.11 -6028.28
450.10 -1020.58
2859.84 637.83
4739.81 -1515.36
3544.44 7457.69
-6402.36 1667.25
-633.36 4299.55
5767.37 424.51
-328.20 -4980.00
9037.06 3939.80
7097.94 5425.09
-7770.97 5031.72
8185.01 8226.57
-5415.41 3539.86
-9459.02 -9942.03
-7800.60 -305.43
-5786.82 -4545.99
3396.67 5466.65
-3010.12 -934.81
3248.72 -6394.87
9312.41 7993.71
7689.60 -9567.82
-9746.12 8582.36
-380.65 -6754.47
-3374.30 2062.43
7365.21 -3754.76
5125.62 -6864.12
8280.72 -1597.61
-6981.59 -1221.45
9269.49 -4080.27
2277.71 -2270.80
-208.82 -3447.54
9078.56 -8749.01
-6621.93 1489.37
-7245.84 -3216.06
3869.83 -7714.59
-5503.47 -4730.89
-5298.58 324.61
-3958.28 -3411.50
8336.97 4510.68
5973.94 6604.96
-3025.25 -5005.41
-5171.05 9226.77
7794.68 -8398.22
-5553.85 170.57
9.42 -5388.68
-265.70 8539.34
-7564.16 -5074.42
-5414.57 -5452.09
-5103.83 4025.97
-2567.15 -9480.73
-2890.64 8967.67
5259.74 -7152.78
-2760.07 4816.98
8899.09 -3432.20
-6161.63 -6709.40
-5409.49 -6312.92
-1122.22 -644.38
4254.43 -2539.61
2442.37 -2760.32
8281.73 -140.00
-5901.22 -7560.24
-8047.16 -6086.01
-6639.51 1761.42
8035.51 7386.30
3893.93 -5167.39
-1109.12 -5785.89
2737.51 -7926.17
5337.37 360.34
-4970.05 -31.90
4484.10 9406.73
5753.79 -8867.51
3536.69 6629.71
-8683.25 -1920.84
7043.46 6368.08
-5586.25 7531.51
-4486.86 273.42
2939.21 3208.69
221.09 -5259.20
-7953.01 6378.49
177.15 -2458.43
2427.95 5909.05
340.56 -8877.67
-1770.03 9668.60
-7522.46 -7385.37
5582.23 -9898.68
-656.83 -6476.22
-4755.71 4507.02
-4706.97 9960.82
-1587.30 7138.55
-1572.93 6546.33
-3433.74 -6187.53
-3926.94 -3324.18
6570.17 -4089.27
4302.62 3023.46
8461.18 -9302.03
-9958.78 -5881.71
2131.91 486.86
-8511.46 -3618.01
-2659.41 -724.46
5548.70 7026.56
-9880.38 9598.50
-1063.27 -9202.06
-6269.66 1231.70
-2053.31 7807.16
2151.72 -1396.62
9659.63 -9713.94
9384.51 1642.23
5989.82 9820.39
9378.79 -2261.33
3242.60 4437.13
8792.95 -3277.49
-5627.93 8376.81
-9986.33 -2182.66
7331.22 9122.16
1639.74 5681.34
-2220.25 -7696.64
-3029.51 -3019.98
-7561.44 4015.49
-3388.69 2667.88
2991.50 1552.30
7551.28 -2206.32
3348.84 2532.44
-3625.56 -3695.37
8423.05 8631.09
-5873.93 -5606.04
-8647.62 -6663.04
-5473.73 8129.73
-4488.86 1930.48
-220.91 6018.96
-2223.99 3229.48
3092.23 -3076.28
4703.43 -7958.04
3302.92 -7203.82
2287.17 -6321.53
-77.20 -7426.28
-1325.32 7441.41
3070.45 3826.80
-3305.74 3747.09
-643.83 2400.66
5428.19 4331.72
8866.51 -8881.27
6842.63 7353.28
110.22 -9742.46
8344.46 -9933.62
-6231.81 2412.25
-5135.60 -8922.92
-8654.79 4427.36
2947.03 -9819.76
1157.98 6415.36
-2302.76 -3485.63
162.84 -6140.24
6495.55 2838.41
3600.61 -5084.26
-3468.86 4981.01
4163.64 3008.38
-1611.01 -2100.97
-6321.01 5496.75
4567.54 7573.06
1892.09 2090.27
-9550.97 -5899.17
-9084.63 -1079.61
7288.97 7015.71
1992.73 7445.01
3684.00 -2639.39
-3826.81 -5437.32
-118.27 -839.23
-7882.13 259.92
9163.96 7427.77
-5994.13 -7644.43
-3025.93 -7342.11
5888.22 8548.30
-8541.23 6842.17
1881.37 -7321.28
-5587.39 -4390.23
-5967.37 6458.43
3240.66 -3350.48
-3146.29 6565.47
6702.18 4483.54
-8417.68 7827.31
5540.55 -2321.09
5910.51 3319.55
7195.89 6531.98
-5503.53 1089.22
-4520.51 -3883.76
2116.26 1228.75
-1309.31 1742.19
-5031.82 16.24
-7033.74 -6366.48
-6619.95 -5217.55
-4656.51 7201.82
7493.47 7133.17
2999.03 7417.09
-4209.45 8512.97
-3482.83 -6149.89
9976.60 609.22
-2979.13 -1354.73
3536.54 4024.80
2397.33 695.00
5901.48 -55.12
-1291.51 -598.26
-6058.05 5849.56
-2966.23 9044.30
9102.87 9316.47
7640.67 8390.56
-7600.06 -3555.60
-1054.49 -9200.75
-842.17 -6766.62
-6025.68 2522.73
8114.42 -606.34
8554.74 4027.06
4099.23 -3625.58
3154.96 8891.66
-1538.62 -3492.95
4742.14 2441.12
-1448.52 -3674.72
-9478.70 -3492.38
820.88 6715.30
932.44 6106.03
7721.69 -2460.92
-2333.71 -7288.68
4428.75 5631.47
-5684.45 -5949.22
4603.80 3114.29
-5532.44 39.94
-4452.89 3297.70
7489.31 -6744.91
7085.47 -2516.87
8495.48 -5463.80
-4529.67 4874.42
7369.68 -3659.44
399.28 -3673.74
-1177.14 -9160.29
-2242.58 3865.33
3948.93 -5727.48
-9417.69 1639.40
105.91 1139.10
8054.49 5000.78
-924.96 2991.99
-7002.47 -4172.87
8503.02 4190.42
5089.20 9327.97
8600.66 -3441.69
167.12 5703.94
-7320.18 -6463.37
9067.20 -3468.29
-6377.35 1391.62
-3169.56 -3200.82
550.21 8737.13
-7688.72 363.11
4740.42 3653.10
6555.80 -3589.01
-3496.01 -9610.42
-2944.53 -9327.56
-9827.89 1125.04
7632.25 -1735.11
6693.77 5899.75
9506.41 7745.10
165.38 6229.50
-1522.36 9554.63
-1626.56 3783.31
3001.98 9747.60
6562.11 -1900.50
-2302.53 9266.86
-4400.83 3068.98
-3778.93 -6782.24
6338.22 4236.35
4838.38 -4925.68
-4343.74 1507.00
414.81 -3045.47
3638.56 -967.97
-9658.16 -2844.90
1989.86 9068.61
-5800.34 7723.95
-6502.25 -9589.77
8384.98 4384.68
5075.52 2800.08
5806.88 -7607.10
8676.18 -7691.22
-5988.43 295.12
-5116.74 1647.41
-5592.57 5841.57
-6025.38 6860.63
-3526.85 3633.69
-4766.81 7872.36
-7002.38 -5695.16
-7515.28 -2171.26
690.67 1182.78
722.10 9623.88
-3101.10 -4184.38
6437.56 6641.89
5274.87 4767.99
6393.96 -5791.89
-2518.77 -6734.08
-3614.13 -2223.28
-1428.43 8683.66
9943.51 872.94
-7258.35 1363.59
-5322.63 -251.55
-5167.92 -2433.41
6319.17 -1543.79
-9973.61 -6353.60
-7394.85 9000.49
-6134.16 -5540.80
1521.02 2299.73
-1686.67 5292.55
7029.62 3589.21
-4852.61 -1077.94
6015.44 168.55
-4947.63 6351.83
7102.62 -5179.72
-1961.68 9285.35
-7331.30 6402.31
-5079.57 8796.77
-1827.40 -8550.53
1055.77 -9432.03
-1170.78 4806.10
9947.55 -4884.83
-10.48 2980.20
-8255.74 -8352.86
-9575.64 -1662.86
4420.68 -8064.38
-3715.97 -6915.60
-9451.05 -8097.47
4913.70 5530.76
3142.64 8013.42
8585.67 -8127.37
6482.66 1256.09
1187.94 -7597.48
-4835.84 -653.39
801.23 -8454.92
-1674.78 -9899.32
4566.98 -5548.54
-4380.54 -6032.63
3611.44 -7356.61
2200.42 3081.30
9196.30 9954.34
7130.56 -3974.47
-3324.37 -5114.03
-8165.85 -6744.46
-336.55 6599.70
-5545.80 -1050.89
872.84 3145.04
9109.56 2344.30
-1788.99 4084.17
-7790.54 2358.21
-9357.69 830.26
2607.35 -8479.79
1630.08 -2670.77
-8044.17 9974.94
-2923.74 -4380.68
5648.47 7813.85
-651.07 -844.05
7624.48 -4689.63
9837.48 5781.31
-7676.20 2084.48
8102.38 3696.49
2735.35 2217.04
4526.83 -947.21
9732.35 6863.68
3170.13 -8884.48
-426.90 -5276.60
-2369.15 -7281.22
-8046.28 -6480.09
4841.63 -5776.88
9963.37 -9926.01
3344.71 3299.64
8127.28 -8002.33
-3657.82 5807.78
-429.90 6994.82
2703.41 4776.80
-2668.47 -7602.40
-8921.82 -6128.80
8893.30 -1224.36
-3983.13 -4883.36
-5370.42 -2340.72
4189.48 6127.57
-2127.36 -8845.70
-8665.03 -3771.16
4561.89 9936.89
7759.59 3352.94
6289.36 6466.25
-5054.35 -4567.90
-1767.52 804.83
7603.68 -4673.07
675.20 9393.12
-8507.68 5591.55
1900.10 -9187.81
-5442.24 7663.94
5666.57 5106.80
5711.66 1359.87
-1183.61 -4807.22
8966.69 -1784.20
5748.34 -8194.96
-927.92 8029.59
-7352.49 -7371.66
9448.57 -1659.16
-9836.29 780.53
-8487.10 -3885.07
286.42 -4305.84
-3335.17 -7063.60
2084.68 7081.38
-3342.09 9167.84
-8500.94 -5975.67
-3012.46 6228.68
5889.23 2754.94
9960.65 -9665.30
4185.39 -291.76
7818.24 -166.35
3056.45 3002.96
-8227.46 6008.61
-996.00 719.00
-5290.13 -2689.24
4814.32 -8805.70
-9310.30 -8583.74
-3663.00 -6980.01
-5257.41 -7485.31
3324.64 -4356.35
5507.18 -3247.54
5996.14 -660.08
6647.74 8295.39
3699.54 -1452.02
-7624.42 -4727.80
-5216.67 -3669.58
-4687.55 7085.92
8511.54 8384.65
2901.84 8231.86
9736.47 1214.43
3050.00 6403.47
1577.04 -9908.91
8030.19 6380.86
-5956.80 -8167.16
9481.09 8746.55
-8868.45 -7119.19
-3063.59 -4940.73
-8137.01 4737.59
-8445.16 -68.26
-6405.52 -4906.35
3015.00 -8944.22
7755.82 1453.45
6182.84 -9084.59
-8023.63 8467.55
-2968.81 -1100.50
-923.06 2086.70
4879.47 -5902.53
-8963.81 89.25
-3672.35 3675.67
1571.29 3856.73
7987.64 -5810.25
4442.43 -1450.96
3593.51 2952.71
-5193.71 -9815.54
7551.17 4969.40
1598.66 -4084.69
-4932.40 593.76
701.59 -2744.25
6957.25 -7195.17
997.62 5339.54
-9741.53 6036.28
-3141.04 3872.37
2900.23 735.41
-2586.72 5688.53
856.13 -2402.92
7669.09 -2641.05
6955.24 8444.05
-9942.02 -1869.78
6251.97 9713.96
8947.40 4833.44
-4931.21 1344.93
-2926.74 -7106.30
-7328.10 5342.21
-9883.66 3066.42
7364.11 9062.57
8425.28 2844.31
7483.37 9727.72
-8434.72 3036.05
6149.40 -4828.05
7929.90 -9827.44
-6054.90 1889.50
-7373.72 7411.34
-7360.87 9676.80
7467.94 -209.07
615.14 -6458.90
1604.48 7713.25
2615.74 7011.54
-6372.82 2970.15
9960.89 -2852.74
1435.09 4145.08
-7935.80 -8964.55
-1729.85 -8718.48
4488.96 -5689.87
-9860.53 5054.71
-2778.73 6256.52
9447.69 -3176.89
-3044.52 2102.95
178.93 -94.01
3231.18 4962.99
-3892.75 7026.51
-4862.15 3563.00
-6546.05 -6141.01
-6489.00 4932.63
-6710.40 6663.26
-8834.17 -1610.89
831.87 9534.15
-4431.54 -3467.78
9433.47 7698.07
-7351.50 2415.43
-8340.52 -8227.45
-7238.60 5743.57
5881.19 -8700.86
-9737.91 7455.34
-7548.14 -1332.77
-9190.98 -6008.29
-822.88 -2362.72
8170.24 -4490.31
5488.70 -1051.77
-8119.02 -9779.09
8867.37 -920.29
-3838.58 -1282.23
-1597.38 -8175.06
-3026.46 -3592.51
7963.83 4637.94
-5377.16 4604.56
-2162.55 -9673.05
7408.64 -5026.21
3183.22 7182.91
-3070.02 2672.95
2484.33 -9872.62
-2078.46 3113.57
933.35 4920.63
-2475.44 -9095.23
2867.58 -6236.68
-4117.54 1477.89
9862.12 856.35
1508.07 9207.02
1169.92 3140.09
3834.13 6806.95
-6935.92 -9292.17
-474.22 -3446.62
-2165.11 -4206.20
-9216.81 -8095.47
-5673.79 -2470.27
9642.20 -4290.92
-4636.92 -1007.84
2893.88 9963.67
4547.82 162.53
9829.02 4004.13
-1287.23 -514.16
7372.34 9917.52
1542.00 -9652.88
679.24 -1410.30
989.05 3610.45
2429.41 -3359.15
3116.93 -5119.80
2302.84 -5504.90
-6926.35 7209.74
4894.87 -9922.22
-8618.37 2721.63
2937.76 -5182.66
-2234.50 -8382.48
-1380.19 4446.10
-883.35 -6189.24
6915.67 423.33
-4013.51 3473.50
-741.88 -2132.27
8828.08 -1438.25
-7912.23 -8581.46
-3925.07 -8042.12
880.56 4496.18
6327.86 -6937.70
662.76 -9870.89
-3059.69 6067.67
4319.53 -2218.45
-8346.72 -4827.97
-4918.24 -1962.05
8333.09 -9999.77
3001.27 -9858.86
3585.38 3293.06
-5726.80 -2095.42
857.09 -7049.53
-3327.33 -3366.34
-2135.41 154.87
662.40 -358.75
8134.40 -8350.19
-6844.57 5817.58
563.80 6546.09
303.88 -1992.68
-9343.12 1510.91
8650.59 -7057.42
-8855.31 5233.69
754.05 2021.54
-3418.53 -5180.49
8477.12 -7687.30
-4988.44 4662.33
7359.65 7440.55
-6242.19 5534.51
-398.26 -6484.28
3485.12 4243.47
-564.16 4379.50
-6050.48 9734.50
-8932.15 6842.91
8589.91 7375.69
3373.82 -2128.45
377.91 1034.48
5438.39 1574.64
-7549.36 1876.30
-6199.18 955.65
9065.23 -6060.54
8973.67 3113.25
-5938.51 -5881.15
-2588.20 -6710.95
4729.05 -2784.87
9748.12 2871.34
-4296.25 685.07
5257.75 5435.18
-6529.56 7955.17
4991.58 5088.74
8682.04 -8811.09
8619.28 -2776.33
-2899.70 2890.77
-5515.02 6823.99
6757.59 3655.49
9987.57 -6387.42
7840.92 -8190.46
-6048.51 -2843.09
-3794.44 4427.57
9273.39 6746.23
3725.62 8767.92
-8921.49 435.74
-3209.44 1687.11
4210.25 -5381.00
6773.54 3554.67
5834.76 -1987.97
7318.46 8026.69
5666.46 -5381.99
-8050.48 -6847.00
4270.92 1248.88
-647.86 -9225.35
-1353.66 -8642.29
4634.18 -5414.35
-7102.67 4806.61
-6276.52 4696.19
3275.68 4669.25
-5343.12 3832.25
-7422.90 4503.03
4729.25 -3888.16
1412.47 -8761.79
563.96 6704.18
303.76 5255.06
4500.19 6718.15
-210.91 -2021.73
-2610.23 -5472.17
-8099.60 9455.20
-246.24 -774.81
4300.64 3712.82
-8179.61 -3945.39
9492.46 3630.07
4204.25 5994.45
5379.73 -7714.84
-379.75 2506.01
-4055.38 -5755.41
6226.63 -2216.79
-2037.41 -922.70
9151.26 -7159.75
-7250.75 -5126.99
3878.31 6877.20
-7950.24 -9929.01
8040.12 -8702.25
4604.49 -9520.59
-7053.01 -3978.39
-511.46 142.07
-7423.49 7510.47
937.77 -3071.54
-8560.97 5065.98
4391.90 -3743.80
1346.94 -3977.45
8735.03 9968.28
1280.29 8235.60
6860.22 9966.53
-4908.21 5147.95
3958.77 579.12
-9146.81 8011.49
4271.47 5465.97
-5073.98 -7816.73
3644.56 4237.47
8290.26 -8522.84
3266.51 -3633.46
-8985.12 5397.96
8090.07 5463.82
2680.45 9831.93
-2380.28 7457.13
-4298.62 -8772.77
-8291.09 -148.91
-7579.97 -4061.98
7541.85 -300.69
-8004.43 -534.36
6775.38 3106.82
5580.51 -8896.26
2427.02 368.85
-9570.06 5017.55
-3621.31 9544.31
9234.65 5371.61
1169.61 7980.16
6006.37 -5491.64
-3680.90 4051.69
-6439.84 3330.03
-2773.43 5516.01
-8150.61 -1144.05
3401.69 3515.77
3137.69 8135.61
-6039.71 -7352.89
8922.98 -8461.38
6350.43 -5460.09
9347.04 4502.88
-3161.63 4471.93
-6487.84 419.31
8523.26 5065.66
-4218.47 6293.43
-2941.10 2636.44
3541.64 -8635.96
7831.38 -4493.54
-5428.82 1577.30
6231.66 1311.50
-4915.10 5066.08
5000.49 7826.12
-4511.70 4362.50
-1713.61 3862.91
-2469.32 5713.19
4056.45 -4057.12
7583.62 2515.22
6040.68 6854.73
9993.50 -1760.24
1832.19 -3515.20
1308.03 -2527.59
-6907.85 -8688.62
-9246.88 -5195.46
-1138.93 9898.76
6876.64 -3278.28
-6375.50 1.14
5203.50 3563.26
1610.77 -3860.13
-1885.36 -7864.45
1963.85 2110.31
-665.25 -5497.07
2946.02 -6124.46
-1580.29 6244.54
9803.67 299.77
-4751.44 870.65
3458.94 -8585.92
9674.41 -6039.29
7343.06 875.85
8226.18 811.02
3590.21 -8881.38
3806.51 -3412.53
-8047.39 -690.60
7824.72 -6399.96
-1031.51 -5189.77
7874.64 9758.08
4684.71 -5261.81
8724.68 -3347.98
7084.06 3249.61
-9566.72 -1017.49
7334.75 -9601.34
7171.42 -9517.96
-7125.91 4141.81
4872.41 5904.52
-6343.15 -5188.41
-1441.12 7187.10
995.81 -7757.64
-5411.93 764.62
741.18 9708.24
-565.77 6282.76
4584.67 -6528.92
-7445.43 -10.59
5431.48 25.18
-9498.31 1806.88
-4597.85 -1081.31
-4742.89 6832.68
5005.47 -851.90
3570.84 -3473.82
-8257.74 -332.76
2794.05 8921.91
2923.75 -44.89
174.17 -7105.34
7390.70 8772.64
-1049.31 -9157.81
7408.74 -700.39
-8049.02 2098.09
9816.87 -2077.74
1808.05 -5275.33
